0	1
0	2
0	3
0	4
0	5
0	6
0	7
0	8
0	9
0	10
0	11
0	12
0	13
0	14
0	15
0	16
0	17
0	18
0	19
0	20
0	21
0	22
0	23
0	24
0	25
0	26
0	27
0	28
0	29
0	30
0	31
0	32
0	33
0	34
0	35
0	36
0	37
0	38
0	39
0	40
0	41
0	42
0	43
0	44
0	45
0	46
0	47
0	48
0	49
0	50
0	51
0	52
0	53
0	54
0	55
0	56
0	57
0	58
0	59
0	60
0	61
0	62
0	63
0	64
0	65
0	66
0	67
0	68
0	69
0	70
0	71
0	72
0	73
0	74
0	75
0	76
0	77
0	78
0	79
0	80
0	81
0	82
0	83
0	84
0	85
0	86
0	87
0	88
0	89
0	90
0	91
0	92
0	93
0	94
0	95
0	96
0	97
0	98
0	99
0	100
0	101
0	102
0	103
0	104
0	105
0	106
0	107
0	108
0	109
0	110
0	111
0	112
0	113
0	114
0	115
0	116
0	117
0	118
0	119
0	120
0	121
0	122
0	123
0	124
0	125
0	126
0	127
0	128
0	129
0	130
0	131
0	132
0	133
0	134
0	135
0	136
0	137
0	138
0	139
0	140
0	141
0	142
0	143
0	144
0	145
0	146
0	147
0	148
0	149
0	150
0	151
0	152
0	153
0	154
0	155
0	156
0	157
0	158
0	159
0	160
0	161
0	162
0	163
0	164
0	165
0	166
0	167
0	168
0	169
0	170
0	171
0	172
0	173
0	174
0	175
0	176
0	177
0	178
0	179
0	180
0	181
0	182
0	183
0	184
0	185
0	186
0	187
0	188
0	189
0	190
0	191
0	192
13	0
27	0
193	6
193	194
195	196
197	198
197	199
200	201
202	203
202	3
204	198
204	199
204	205
204	206
204	207
208	209
210	211
212	8
213	214
20	0
11	3
11	0
11	215
11	7
11	8
24	0
24	216
217	26
218	219
218	220
218	221
222	223
224	201
224	211
225	201
25	3
25	0
56	198
56	56
56	0
38	0
226	201
227	6
227	209
228	229
230	201
42	0
10	3
10	231
10	0
10	194
10	232
10	233
234	235
236	237
236	238
239	240
37	0
37	8
241	242
243	3
243	5
243	244
243	245
243	246
247	198
247	199
248	220
249	1
249	242
105	3
105	0
105	5
250	5
250	251
250	252
250	6
250	253
250	254
250	138
242	7
242	6
242	249
242	255
242	256
242	241
257	219
257	258
257	259
75	0
75	75
75	8
75	3
33	0
260	6
260	3
260	261
260	262
260	263
260	264
260	265
260	266
260	267
268	118
269	214
269	269
269	223
270	209
270	3
270	6
271	198
271	199
271	272
273	274
273	6
273	275
273	276
273	277
273	278
273	279
51	3
51	0
59	3
59	0
280	223
280	281
280	282
280	6
283	255
109	5
109	0
284	285
286	219
287	3
21	61
21	288
21	1
21	3
21	4
21	5
21	6
21	7
21	8
21	0
21	289
21	231
21	290
21	291
21	292
21	293
21	98
21	294
21	295
21	118
21	107
21	296
21	155
21	223
21	297
21	298
21	299
21	300
21	301
21	302
21	303
21	198
21	304
21	305
21	173
21	306
21	307
21	308
21	309
21	310
21	311
21	312
313	198
313	314
281	6
281	315
281	34
281	280
316	317
316	1
264	1
264	260
156	0
318	196
315	281
315	319
320	5
321	322
323	324
323	325
326	327
326	326
326	5
214	1
214	118
214	328
214	269
214	213
214	329
214	330
214	331
214	332
214	333
214	334
335	336
337	6
337	336
337	17
337	338
339	340
336	337
336	335
336	220
336	341
336	342
343	6
344	223
345	346
265	6
265	347
265	348
265	349
265	350
265	260
265	265
265	351
265	352
4	0
4	353
4	354
4	61
4	3
4	355
4	356
4	357
4	6
4	358
4	359
4	8
4	360
4	21
4	1
4	233
4	361
4	215
4	362
4	363
4	364
4	365
4	366
4	7
4	23
4	367
4	201
4	118
4	199
4	198
4	223
4	173
4	368
4	369
4	4
4	68
4	370
4	371
4	372
4	373
4	179
4	374
4	375
4	376
4	377
4	378
4	379
4	380
4	381
4	382
4	245
4	383
4	384
4	385
4	386
4	387
4	388
4	389
4	390
4	391
4	392
4	393
4	394
4	395
4	396
4	397
4	303
4	398
4	399
4	400
4	401
4	402
4	403
4	404
405	223
405	363
406	8
407	201
408	201
201	200
201	1
201	303
201	3
201	4
201	5
201	6
201	7
201	220
201	225
201	408
201	230
201	226
201	409
201	410
201	411
201	224
201	412
201	413
201	414
201	415
201	416
201	407
201	253
201	417
201	8
201	418
201	219
223	198
223	3
223	215
223	222
223	1
223	2
223	6
223	8
223	7
223	5
223	4
223	269
223	262
223	344
223	70
223	405
223	419
223	420
223	421
223	422
223	280
223	423
223	21
223	424
223	425
223	118
223	40
223	426
427	209
428	429
414	430
414	414
414	201
431	432
433	354
433	434
435	436
437	154
436	154
436	435
436	438
436	439
440	154
441	154
442	154
443	154
444	154
445	154
446	6
446	447
446	448
446	449
361	450
361	4
361	367
361	233
361	451
361	452
361	453
454	455
340	339
340	346
340	456
340	457
458	154
459	5
45	3
45	0
460	461
460	447
41	0
462	463
354	464
354	1
354	118
354	5
354	4
354	6
354	7
354	8
354	433
354	154
354	434
354	272
354	68
354	465
346	466
346	6
346	467
346	346
346	340
346	468
346	345
346	469
346	470
346	471
346	472
346	473
346	474
346	475
346	476
346	477
346	478
346	479
346	480
481	240
285	284
285	6
285	482
285	483
285	484
485	472
48	486
48	48
48	0
66	0
487	154
487	488
489	154
198	204
198	1
198	223
198	5
198	6
198	7
198	8
198	118
198	4
198	56
198	197
198	271
198	247
198	313
198	199
198	490
198	491
198	492
198	493
198	494
198	21
495	496
495	497
498	498
498	499
498	500
412	201
412	118
412	220
470	346
238	236
238	238
238	3
238	5
238	7
238	237
238	410
238	501
238	502
238	503
238	504
238	505
238	506
238	507
238	508
238	509
238	510
511	512
491	198
513	514
513	61
478	346
515	219
3	0
3	362
3	5
3	61
3	89
3	1
3	4
3	215
3	308
3	9
3	173
3	10
3	6
3	11
3	356
3	2
3	8
3	516
3	517
3	518
3	519
3	520
3	521
3	3
3	303
3	429
3	360
3	21
3	522
3	523
3	47
3	524
3	364
3	525
3	526
3	527
3	528
3	529
3	201
3	25
3	118
3	202
3	28
3	260
3	223
3	30
3	238
3	219
3	243
3	270
3	530
3	531
3	532
3	106
3	533
3	534
3	535
3	536
3	537
3	287
3	179
3	40
3	538
3	369
3	263
3	539
3	45
3	46
3	486
3	68
3	50
3	51
3	468
3	540
3	541
3	542
3	82
3	371
3	372
3	543
3	544
3	545
3	546
3	373
3	547
3	548
3	166
3	59
3	60
3	549
3	550
3	377
3	551
3	552
3	553
3	554
3	555
3	556
3	381
3	557
3	558
3	559
3	560
3	561
3	562
3	563
3	564
3	73
3	74
3	245
3	565
3	566
3	567
3	568
3	569
3	570
3	571
3	384
3	380
3	572
3	573
3	574
3	575
3	77
3	576
3	577
3	578
3	579
3	580
3	581
3	582
3	583
3	584
3	585
3	586
3	587
3	588
3	79
3	589
3	52
3	81
3	590
3	591
3	592
3	593
3	594
3	595
3	596
3	597
3	598
3	599
3	600
3	601
3	602
3	603
3	604
3	605
3	606
3	607
3	307
3	387
3	608
3	609
3	256
3	610
3	611
3	612
3	613
3	389
3	614
3	91
3	93
3	615
3	616
3	617
3	95
3	618
3	619
3	620
3	97
3	621
3	622
3	101
3	623
3	624
3	625
3	626
3	627
3	628
3	104
3	105
3	629
3	630
3	631
3	632
3	633
3	634
3	635
3	636
3	108
3	637
3	638
3	639
3	640
3	641
3	642
3	643
3	111
3	644
3	645
3	646
3	647
3	648
3	649
3	650
3	651
3	652
3	112
3	653
3	296
3	654
3	75
3	391
3	655
3	267
3	656
3	114
3	657
3	658
3	659
3	660
3	661
3	662
3	663
3	664
3	665
3	666
3	155
3	667
3	668
3	669
3	115
3	670
3	671
3	297
3	672
3	673
3	674
3	675
3	676
3	677
3	678
3	679
3	680
3	681
3	23
3	682
3	683
3	684
3	685
3	686
3	687
3	688
3	689
3	690
3	691
3	692
3	693
3	694
3	695
3	696
3	697
3	698
3	121
3	699
3	700
3	701
3	702
3	703
3	704
3	705
3	706
3	122
3	707
3	708
3	709
3	710
3	402
3	168
3	711
3	712
3	713
3	714
3	126
3	715
3	716
3	127
3	717
3	718
3	719
3	299
3	720
3	721
3	722
3	723
3	724
3	130
3	403
3	725
3	726
3	727
3	728
3	300
3	729
3	301
3	730
3	731
3	732
3	733
3	734
3	735
3	736
3	132
3	737
3	738
3	739
3	740
3	147
3	741
3	742
3	743
3	135
3	744
3	745
3	746
3	747
3	748
3	749
3	750
3	751
3	752
3	753
3	754
3	755
3	756
3	757
3	758
3	759
3	760
3	761
3	762
3	763
3	764
3	765
3	766
3	767
3	768
3	769
3	770
3	771
3	772
3	773
3	774
3	775
3	776
3	777
3	778
3	779
3	780
3	781
3	782
3	783
3	784
3	785
3	786
3	787
3	145
3	788
3	789
3	790
3	791
3	792
3	148
3	793
3	149
3	794
3	795
3	796
3	797
3	798
3	799
3	800
3	801
3	802
3	803
3	804
3	805
3	806
3	807
3	808
3	809
3	810
3	811
3	812
3	813
3	152
3	814
3	815
3	816
3	817
3	818
3	819
3	820
3	821
3	822
3	153
3	823
3	824
3	825
3	826
3	827
3	828
3	829
3	830
3	831
3	832
3	833
3	834
3	835
3	836
3	837
3	838
3	839
3	840
3	841
3	842
3	843
3	844
3	845
3	846
3	847
3	848
3	849
3	850
3	851
3	852
3	853
3	854
3	162
3	161
3	855
3	856
3	305
3	857
3	858
3	859
3	860
3	861
3	862
3	863
3	864
3	865
3	866
3	867
3	868
3	869
3	163
3	870
3	871
3	872
3	167
3	873
3	874
3	875
3	876
3	877
3	878
3	879
3	880
3	881
3	882
3	883
3	884
3	885
3	886
3	887
3	888
3	889
3	890
3	891
3	892
3	893
3	894
3	895
3	896
3	897
3	898
3	899
3	900
3	901
3	902
3	903
3	904
3	905
3	906
3	907
3	908
3	909
3	910
3	911
3	912
3	913
3	914
3	915
3	916
3	917
3	918
3	919
3	920
3	921
3	922
3	923
3	924
3	925
3	926
3	927
3	928
3	929
3	930
3	931
3	932
3	933
3	934
3	935
3	936
3	937
3	938
3	939
3	940
3	941
3	942
3	943
3	944
3	945
3	946
3	947
3	948
3	949
3	950
3	951
3	952
3	953
3	954
3	955
3	956
3	309
3	957
3	958
3	959
3	960
3	961
3	962
3	963
3	964
3	965
3	966
3	967
3	968
3	969
3	970
3	971
3	972
3	973
3	974
3	975
3	976
3	977
3	978
3	979
3	980
3	981
3	310
3	982
3	311
3	983
3	984
3	985
3	986
3	987
3	988
3	989
362	3
362	450
362	233
362	990
362	4
362	991
362	363
362	992
362	324
362	358
362	993
362	366
362	994
362	995
362	525
362	528
362	996
362	997
362	998
362	999
362	353
362	1000
362	1001
362	586
362	1002
362	527
362	1003
362	553
362	1004
362	1005
362	1006
362	1007
362	1008
362	686
362	1009
362	1010
362	1011
362	1012
362	1013
362	1014
362	1015
362	1016
362	362
362	1017
362	1018
362	1019
362	1020
362	1021
362	1022
362	1023
362	679
362	682
362	1024
362	1025
362	1026
362	687
362	1027
362	1028
362	1029
362	1030
362	1031
362	1032
362	1033
362	1034
362	727
362	1035
362	1036
362	1037
362	1038
362	1039
362	1040
586	232
586	362
586	532
586	3
586	778
586	1041
586	1042
586	1043
586	1044
586	1045
586	782
631	3
12	0
12	486
1046	1047
1046	5
1046	369
1046	1048
1049	676
1049	370
464	354
434	354
434	433
434	1050
1051	154
512	1052
512	6
512	511
512	154
1053	497
1053	1054
1055	1056
1055	1057
1058	6
1059	1000
1060	1061
1060	359
1062	154
194	10
194	1063
194	1064
194	468
194	450
194	364
194	193
194	1065
194	1066
194	62
448	446
370	4
370	1049
473	346
456	340
469	346
457	340
1067	357
1067	240
1068	519
516	1069
516	3
516	1070
516	1071
1069	1072
1069	516
1069	519
519	1073
519	3
519	1074
519	1068
519	1069
519	1075
519	1076
519	1071
519	1077
519	1078
519	1079
519	1080
519	1081
519	1082
519	1083
519	519
519	1084
519	1085
1086	1087
1086	1074
1088	476
479	346
1089	240
480	346
477	346
466	1090
466	346
466	1091
466	1092
466	466
466	1093
466	1094
471	346
472	485
472	346
997	19
997	353
997	1095
997	1096
997	362
997	363
997	1097
997	1098
997	1003
997	1099
1098	997
1100	497
1101	497
1102	497
1103	497
1104	1105
1104	61
461	460
461	61
1106	1107
1106	1106
1106	19
1106	359
1106	1108
1106	1109
1106	1110
1106	1111
1106	1112
1106	1113
1106	1114
1106	1115
1112	1116
1112	1106
1112	1117
1096	997
1096	6
1099	997
1099	1118
1099	363
1095	359
1095	997
1095	1119
1017	363
1017	362
1120	327
1121	497
1121	1122
1123	196
1065	6
1065	194
1065	233
1065	1124
329	214
329	173
1125	6
1125	499
1125	1126
1125	1127
1125	1128
1125	30
1125	1129
1125	53
1125	1130
1125	1131
1125	1132
1125	95
1125	1133
1125	1134
1125	1135
1125	1136
1125	1045
1125	1137
1125	1138
1125	1139
1125	1140
1125	1141
1125	1142
1125	1125
1125	783
1125	1143
1125	1144
1125	1145
1125	1146
1125	1147
221	220
221	218
220	8
220	6
220	201
220	1148
220	336
220	1149
220	248
220	218
220	412
220	221
220	1150
220	1151
220	1152
220	338
220	1153
220	1154
220	865
57	0
317	316
52	0
52	3
1155	419
1155	6
1155	1156
1157	5
5	0
5	354
5	3
5	215
5	61
5	486
5	356
5	1
5	7
5	357
5	1071
5	467
5	6
5	517
5	118
5	358
5	468
5	1158
5	16
5	1159
5	360
5	1160
5	89
5	21
5	1161
5	364
5	1162
5	68
5	379
5	524
5	211
5	1163
5	201
5	8
5	1164
5	209
5	28
5	198
5	1165
5	327
5	238
5	322
5	223
5	219
5	243
5	320
5	1166
5	216
5	521
5	1167
5	1168
5	1169
5	534
5	173
5	535
5	537
5	328
5	1170
5	67
5	250
5	1171
5	369
5	1172
5	314
5	319
5	1173
5	1174
5	46
5	179
5	1175
5	540
5	1176
5	1177
5	54
5	1178
5	542
5	1179
5	32
5	1180
5	371
5	372
5	1181
5	1182
5	501
5	590
5	546
5	373
5	1183
5	665
5	459
5	1184
5	1185
5	646
5	1186
5	1187
5	1188
5	1189
5	573
5	1190
5	74
5	1191
5	565
5	1192
5	355
5	1193
5	1194
5	386
5	1195
5	1196
5	380
5	1197
5	1198
5	1199
5	1200
5	578
5	599
5	579
5	1201
5	554
5	841
5	72
5	583
5	1202
5	1203
5	1204
5	1205
5	616
5	1046
5	1206
5	1207
5	1208
5	1209
5	1210
5	1211
5	1212
5	1213
5	1214
5	1215
5	600
5	1216
5	1217
5	387
5	1218
5	1219
5	1220
5	1221
5	1222
5	1223
5	1224
5	617
5	95
5	620
5	1225
5	1226
5	1227
5	1228
5	1229
5	624
5	1230
5	105
5	1231
5	1232
5	1233
5	1234
5	1235
5	1236
5	1237
5	1238
5	109
5	664
5	638
5	1239
5	1240
5	1241
5	1242
5	1243
5	1244
5	484
5	650
5	654
5	1245
5	1246
5	1247
5	1248
5	1249
5	1250
5	661
5	1251
5	1252
5	845
5	1253
5	1254
5	1255
5	695
5	697
5	1256
5	702
5	1257
5	706
5	710
5	402
5	1258
5	1259
5	1260
5	1261
5	1262
5	172
5	127
5	299
5	1263
5	720
5	1264
5	1265
5	1266
5	1267
5	731
5	1268
5	800
5	1269
5	1270
5	1271
5	741
5	1272
5	333
5	1273
5	1274
5	1275
5	142
5	1276
5	1277
5	1278
5	1279
5	1280
5	1281
5	1282
5	1283
5	147
5	742
5	1284
5	326
5	1285
5	1286
5	139
5	771
5	1287
5	140
5	1288
5	1289
5	504
5	419
5	785
5	144
5	1290
5	1291
5	838
5	1292
5	1293
5	1294
5	790
5	791
5	1295
5	1296
5	1297
5	1298
5	1299
5	1300
5	1301
5	796
5	1302
5	1303
5	1304
5	1305
5	1306
5	1307
5	1308
5	823
5	824
5	941
5	1309
5	1310
5	1311
5	1312
5	1313
5	1314
5	1315
5	1316
5	1317
5	1318
5	734
5	833
5	304
5	835
5	1319
5	1320
5	1321
5	842
5	1322
5	1323
5	1324
5	1325
5	1326
5	1327
5	1328
5	1329
5	1330
5	1331
5	1332
5	1333
5	1334
5	899
5	177
5	1335
5	904
5	1336
5	34
5	905
5	1337
5	181
5	911
5	912
5	1338
5	1339
5	1340
5	1341
5	1342
5	1343
5	920
5	921
5	245
5	1344
5	934
5	1345
5	1346
5	1347
5	940
5	1348
5	1349
5	601
5	1157
5	1350
5	1351
5	1352
5	1353
5	1354
5	1355
5	1356
5	1357
5	1358
5	1359
5	1360
5	1361
5	594
5	985
5	1362
5	1363
1364	6
1364	233
1364	1365
1364	1366
1367	463
1368	6
423	423
423	223
1369	1370
1369	364
1369	1371
1369	2
1369	233
1369	1372
1369	1373
421	1374
421	223
998	362
998	553
998	998
998	1163
998	1375
998	1376
998	1377
366	362
366	367
366	366
366	4
366	1378
366	1379
1380	1381
1380	233
1380	1063
1380	450
1380	62
1380	1382
1380	1383
1380	1384
1380	1385
1380	1386
1380	95
1380	1387
1380	1388
1380	1389
1380	1390
1380	1391
1378	1378
1378	6
1378	1392
1378	1393
1378	366
1378	1394
1378	1395
1378	451
1378	1396
1378	1397
169	0
308	3
308	7
308	357
308	360
308	1
308	179
308	68
308	1174
308	118
308	355
308	1250
308	1398
308	402
308	1399
308	1400
308	21
231	10
231	1063
231	450
231	21
231	233
231	290
231	1401
231	1402
1403	347
1404	1405
1404	1406
1404	1063
1404	450
1404	233
1404	359
1404	1407
1404	1404
1404	6
1404	1408
1404	356
1404	1409
1404	1410
1404	1411
1404	2
1404	1412
1413	327
1057	1055
1057	61
1057	232
1057	1414
1415	350
1415	61
203	202
203	61
203	219
203	1159
203	1218
203	1416
203	1417
1418	61
1418	1381
1418	1419
1418	1420
1418	1421
1418	1422
1418	1423
1418	1424
1425	548
1425	61
1425	1426
1425	1427
1425	1416
1425	1428
1425	1429
1425	1430
1425	1417
1425	805
1056	61
1056	1055
1056	255
1056	1419
1056	1420
1056	1427
1056	1431
1432	61
1432	422
1432	1433
1432	715
1432	1434
1432	1435
1432	1436
1432	1437
1432	887
1438	348
1438	61
1438	566
1439	61
1440	1441
1440	61
1440	1442
1440	1443
1444	1445
1444	61
1446	612
1446	61
1446	1447
1446	1448
1446	1449
1446	1450
1451	61
430	1452
430	61
430	1171
430	1453
430	414
430	1454
1455	61
1455	1456
1455	206
1455	765
1455	1457
1455	763
1324	5
1458	1000
1459	322
1459	1460
1459	1461
1459	639
1459	1462
1459	721
1052	512
1463	154
1464	154
1465	154
1466	154
1467	154
1468	154
1469	154
1470	154
439	436
438	154
438	436
1471	1472
1471	1473
1050	434
996	1474
996	324
996	303
996	362
996	1475
996	1476
996	1477
996	1478
1441	1440
1479	1166
1419	1056
1419	1418
1480	61
1481	61
1482	61
1482	514
1483	1381
1483	61
1483	1484
1485	6
1486	61
1487	61
61	1488
61	1
61	21
61	3
61	4
61	5
61	6
61	8
61	1418
61	1483
61	203
61	461
61	430
61	1056
61	1438
61	1057
61	1425
61	1440
61	0
61	1432
61	1451
61	1444
61	1439
61	1489
61	1482
61	514
61	513
61	1481
61	1455
61	1104
61	1490
61	1480
61	1446
61	1415
61	1491
61	1492
61	1493
61	1487
61	1494
61	364
61	1495
61	1486
61	1496
61	68
1491	61
1488	1497
1488	61
1488	1252
1494	1498
1494	61
1426	1425
1414	1057
1499	1162
1499	1499
1499	6
1416	203
1416	1425
716	3
1489	61
1493	1500
1493	61
1492	61
1454	430
1092	466
1092	1070
1092	1092
1092	6
1092	468
1495	61
1496	61
1490	61
1498	1494
1423	1418
1168	5
1501	1187
1501	1502
1503	1000
1504	463
1	0
1	354
1	61
1	7
1	3
1	9
1	5
1	357
1	6
1	308
1	21
1	1505
1	118
1	4
1	215
1	8
1	379
1	524
1	364
1	358
1	201
1	214
1	198
1	223
1	219
1	249
1	264
1	179
1	68
1	371
1	372
1	316
1	543
1	1506
1	373
1	377
1	1507
1	694
1	384
1	1508
1	380
1	582
1	1509
1	307
1	1510
1	101
1	632
1	386
1	1511
1	391
1	671
1	1512
1	1024
1	701
1	739
1	1513
1	1514
1	1515
1	771
1	786
1	149
1	1516
1	861
1	884
1	1517
463	1518
463	324
463	462
463	1504
463	455
463	1367
463	1519
463	1520
1521	1522
530	3
381	1523
381	219
381	2
381	3
381	4
381	381
381	6
381	7
381	8
1497	1488
424	223
1394	1378
233	1380
233	362
233	364
233	4
233	1404
233	353
233	47
233	288
233	991
233	233
233	1370
233	358
233	1524
233	23
233	379
233	497
233	8
233	1371
233	1525
233	1369
233	361
233	1065
233	231
233	1484
233	1364
233	1526
233	365
233	1527
233	1528
233	1529
233	1530
233	1531
233	582
233	10
233	1532
233	1533
233	541
233	1534
233	524
233	1535
233	1000
233	1536
233	1537
233	1387
233	1538
233	1539
233	1540
233	1541
233	1542
233	1543
233	1011
233	674
233	1544
233	1545
233	1546
233	1547
233	1548
233	1549
233	1020
233	1550
233	1551
233	1552
233	1553
233	1554
233	685
233	1555
233	1556
233	1557
233	1118
233	687
233	1558
233	1559
233	1560
233	1561
233	1562
233	1563
233	1564
233	1565
233	1566
1430	1425
1000	362
1000	2
1000	1000
1000	364
1000	1567
1000	1458
1000	1003
1000	455
1000	1059
1000	1568
1000	233
1000	1569
1000	1503
1000	1570
1000	324
1000	359
1000	1571
1000	1007
1000	1572
1000	1573
1000	1520
1000	1574
1000	1575
546	534
546	3
546	5
1576	261
1576	1577
1576	1576
1576	1165
1576	1522
1175	5
1175	6
1175	1578
1579	496
1579	497
1580	356
1580	1473
1188	559
1188	1188
1188	5
1188	766
1188	1581
211	1582
211	5
211	364
211	210
211	1583
211	224
211	1584
211	1585
211	1586
211	805
1194	5
1587	1588
1587	1587
1587	364
1212	5
1212	1589
364	233
364	5
364	215
364	211
364	3
364	4
364	324
364	1
364	6
364	1369
364	194
364	1525
364	1000
364	676
364	8
364	1590
364	1591
364	1587
364	1592
364	1535
364	373
364	1593
364	1594
364	61
1595	355
71	0
71	450
1596	348
1406	1404
1406	1406
1406	6
1406	68
1597	324
1597	1598
374	4
494	198
1599	1600
70	223
70	0
450	362
450	496
450	231
450	361
450	1063
450	1404
450	235
450	1380
450	1601
450	23
450	367
450	995
450	1602
450	194
450	550
450	1603
450	303
450	1604
450	288
450	582
450	1006
450	608
450	1605
450	1606
450	1607
450	1066
450	1608
450	1609
450	1610
450	674
450	1611
450	1612
450	651
450	1024
450	1613
450	1614
450	358
450	1615
450	1616
450	71
450	1617
1618	468
1618	324
209	208
209	5
209	270
209	1619
209	1620
209	427
209	1621
209	1622
209	209
209	227
497	495
497	233
497	1100
497	1623
497	1053
497	1579
497	1121
497	1624
497	1102
497	1101
497	1625
497	1626
497	1103
497	1627
1243	5
1243	1243
1243	8
1535	364
1535	233
1535	1628
1535	1629
1628	1535
1629	1535
1527	8
1527	2
1527	233
1527	324
1527	1630
1097	997
1097	363
363	362
363	363
363	4
363	365
363	997
363	1118
363	405
363	1097
363	353
363	1017
363	1099
363	1631
378	4
378	1632
396	4
368	4
382	1624
382	4
382	1633
1537	1634
1537	233
1537	1635
1636	6
1637	6
282	280
154	440
154	154
154	354
154	1463
154	436
154	999
154	444
154	443
154	442
154	1466
154	1465
154	458
154	489
154	1469
154	1062
154	445
154	1464
154	1638
154	1639
154	1640
154	1641
154	1642
154	1470
154	1643
154	1644
154	1645
154	1646
154	1647
154	1648
154	1649
154	1650
154	1651
154	1652
154	1653
154	1654
154	1655
154	1656
154	1657
154	1658
154	1659
154	1660
154	1661
154	1662
154	1663
154	1664
154	487
154	1665
154	1666
154	1667
154	1468
154	438
154	1668
154	1669
154	1670
154	1671
154	1672
154	1673
154	1674
154	1675
154	1676
154	1677
154	1678
154	1679
154	1680
154	1681
154	1682
154	1683
154	1684
154	1685
154	1686
154	1687
154	1688
154	1689
154	1690
154	1691
154	1692
154	1693
154	1694
154	1695
154	1696
154	1697
154	1698
154	1699
154	1700
154	1701
154	1702
154	1703
154	1704
154	1705
154	1706
154	1707
154	1708
154	1709
154	1710
154	1711
154	1712
154	1713
154	1714
154	1715
154	1716
154	1717
154	1718
154	1719
154	0
154	1720
154	1721
154	1722
154	512
154	1723
154	1724
154	437
154	1725
154	1726
154	1467
154	441
154	1727
154	1728
154	1051
154	1729
154	1730
154	1731
272	354
272	271
1732	6
1732	1733
1734	1530
1735	1061
1735	6
1735	303
1735	365
1735	1736
293	21
1737	1738
1737	1737
1737	1739
1737	1623
1737	1740
1737	1741
1737	1742
1737	1743
1737	1744
1737	1745
1737	1746
1399	308
677	571
677	677
677	6
677	3
1747	1165
1748	1522
1641	154
590	538
590	6
590	5
590	3
590	1287
590	785
1645	154
1639	154
1640	154
1749	322
568	3
1008	362
1750	1751
1752	6
1738	1737
1738	1753
556	3
556	486
1754	1755
1422	1418
83	357
83	0
1756	1163
1606	450
1606	1602
1757	1757
1757	6
1757	1758
1625	497
179	1171
179	215
179	308
179	1453
179	3
179	1759
179	1
179	303
179	5
179	6
179	1177
179	4
179	8
179	599
179	1159
179	1760
179	591
179	1761
179	1762
179	1763
179	1764
179	1224
179	646
179	1765
179	1766
179	1767
179	125
179	762
179	1768
179	1769
179	1770
179	834
179	1771
179	1772
179	1773
179	1774
179	0
179	909
179	1775
179	1362
179	1776
179	1777
179	1778
179	1779
179	981
179	987
1780	30
1780	1780
1780	468
1780	1781
1780	6
1240	5
1240	6
1240	1782
1240	1240
1240	1783
1784	1785
1786	1787
1786	1786
1786	1215
514	61
514	1482
514	513
1105	1104
1105	1623
1534	1788
1534	233
1789	1407
385	4
375	375
375	4
375	376
1382	1380
383	4
383	1790
383	1791
383	1792
383	1793
383	1794
383	1795
383	1027
383	1796
383	1797
383	1798
383	1799
383	693
1372	1369
1124	1065
1122	1121
397	4
1800	651
1447	1446
1447	1447
1447	89
1591	364
1801	1396
328	214
328	6
328	5
328	328
1802	1523
637	3
637	6
637	1165
1206	5
1183	5
1183	1803
1569	1000
1569	1804
1805	1806
1805	219
1805	1807
1805	1808
1805	1809
1810	199
240	1067
240	6
240	468
240	1811
240	1812
240	239
240	1813
240	476
240	1814
240	1815
240	1077
240	240
240	1816
240	481
240	1078
240	1817
240	1818
240	1819
240	1081
240	1080
240	1820
240	1089
240	1821
240	1094
1054	1053
251	250
215	7
215	5
215	3
215	355
215	11
215	6
215	8
215	360
215	291
215	1
215	364
215	4
215	379
215	524
215	358
215	23
215	367
215	1781
215	118
215	223
215	1822
215	179
215	1823
215	369
215	1824
215	371
215	372
215	419
215	1825
215	1826
215	1827
215	1828
215	1829
215	1830
215	1831
215	1832
215	1833
215	1834
215	373
215	1835
215	1174
215	377
215	1836
215	1837
215	694
215	384
215	380
215	1838
215	582
215	1839
215	1840
215	1841
215	386
215	387
215	1762
215	389
215	101
215	771
215	1842
215	1843
215	1844
215	1845
215	1176
215	1846
215	674
215	1401
215	403
215	1847
215	1848
215	1849
215	1850
215	1851
215	1852
215	1853
215	1854
215	1855
215	1856
215	1857
215	1858
215	1859
215	1860
215	1861
215	1862
215	1863
215	1864
215	1865
215	1866
215	1867
215	1868
215	1869
215	1870
215	1400
215	969
215	1871
215	1872
215	1873
215	1874
215	1875
215	1876
215	1877
1825	1173
1825	215
1824	419
1824	215
1824	1173
1824	1878
1824	1879
1824	1176
1824	1880
1824	6
1824	1881
1824	1882
1824	1883
1824	1884
1824	88
1824	1885
1824	1824
1824	1886
1879	1173
1879	1824
1879	419
1881	1173
1881	1824
1886	1173
1886	1824
1878	1173
1878	1824
1887	411
1887	1173
1887	1888
1883	1173
1883	1824
1883	1889
1880	1824
1880	1173
1829	543
1829	6
1829	215
1829	1890
1829	1835
88	0
88	419
88	1824
1891	1827
419	1155
419	1824
419	1176
419	419
419	223
419	215
419	1892
419	420
419	1879
419	88
419	1893
419	1173
419	5
419	1894
1826	543
1826	1176
1826	1828
1826	215
1826	1895
1826	1896
1826	1860
1826	1897
1826	1864
1826	1898
1826	1899
1851	215
1176	291
1176	288
1176	1822
1176	1824
1176	6
1176	5
1176	419
1176	1826
1176	1827
1176	1830
1176	1828
1176	1831
1176	1834
1176	1835
1176	1900
1176	1842
1176	1833
1176	215
1176	1846
1176	1848
1176	1849
1176	1852
1176	1901
1176	1854
1176	1856
1176	1865
1176	1868
1176	1869
1176	1870
1176	1902
1176	1176
1176	1875
1176	1903
1216	5
1216	1173
1833	1166
1833	215
1833	1833
1833	1176
1831	1176
1831	215
1831	1904
1882	1824
1882	1173
1828	1826
1828	1828
1828	6
1828	1827
1828	215
1828	1176
1828	1890
1828	1848
1828	1852
1828	1905
1828	1872
1828	1906
1828	1907
1894	419
1889	1883
1868	1176
1868	1868
1868	215
1866	215
1840	215
1830	1781
1830	1830
1830	1176
1830	215
1885	1824
288	21
288	1063
288	6
288	1176
288	233
288	1118
288	450
288	288
1523	381
1523	1802
1445	1444
1908	1909
1741	1737
8	0
8	220
8	354
8	61
8	9
8	11
8	356
8	357
8	3
8	520
8	4
8	215
8	360
8	89
8	21
8	1
8	379
8	524
8	1601
8	7
8	358
8	23
8	367
8	995
8	212
8	303
8	5
8	6
8	118
8	198
8	223
8	219
8	216
8	173
8	535
8	37
8	233
8	355
8	406
8	8
8	1910
8	1759
8	68
8	1911
8	1912
8	372
8	373
8	548
8	179
8	166
8	377
8	381
8	1815
8	245
8	551
8	694
8	1527
8	386
8	380
8	572
8	364
8	579
8	1913
8	1385
8	482
8	1914
8	1915
8	600
8	737
8	307
8	387
8	1916
8	1917
8	389
8	1918
8	101
8	1229
8	771
8	1919
8	75
8	201
8	636
8	1920
8	641
8	1243
8	1921
8	391
8	1922
8	1398
8	1267
8	1923
8	1254
8	117
8	1013
8	1024
8	1924
8	674
8	1925
8	453
8	1548
8	1926
8	1927
8	1928
8	1561
8	1627
8	1565
8	1929
8	1257
8	1930
8	402
8	192
8	338
8	724
8	1931
8	727
8	1932
8	766
8	1933
8	404
8	1934
8	793
8	795
8	939
8	1935
8	1936
8	847
8	159
8	1937
8	97
8	1938
8	931
8	964
8	880
8	1939
8	892
8	905
8	1940
8	929
8	1941
8	1942
8	1943
8	1944
8	1945
8	1946
8	937
8	1777
8	1947
8	974
8	822
8	1948
8	1949
8	1950
8	985
8	1951
8	986
8	789
8	1952
8	1953
1954	347
1954	1955
1954	1600
373	1
373	2
373	3
373	4
373	5
373	6
373	215
373	7
373	8
373	1603
373	364
373	245
373	302
373	1956
373	948
373	1957
373	906
373	1958
373	1959
1960	1167
291	1176
291	215
291	21
1549	233
1961	1166
1760	1186
1760	1760
1760	179
550	3
550	450
1169	5
1169	1962
1731	154
1963	1964
1963	6
1963	1965
1963	1966
1963	1967
1963	1968
1963	1969
1963	1970
1963	1971
1963	1972
1963	1973
85	0
1974	1975
1976	1977
1976	991
1976	1214
1976	1978
1976	1979
1532	233
1532	571
1980	541
1981	1982
1981	541
1983	1984
1983	1392
324	463
324	364
324	2
324	362
324	323
324	359
324	996
324	1618
324	1597
324	1527
324	1000
324	1116
324	1985
1634	1537
1530	233
1530	1734
1986	1162
1986	1373
388	4
1119	6
1119	1095
1119	1162
1987	991
1642	154
1437	1432
1646	154
29	0
1988	1989
253	201
253	250
1990	1396
522	3
557	6
557	3
1991	476
476	240
476	1992
476	1993
476	476
476	346
476	1994
476	1991
476	1088
1994	476
1821	240
1993	476
1992	476
1396	1378
1396	1990
1396	1801
1396	1995
1396	1996
89	496
89	3
89	6
89	5
89	8
89	2
89	1997
89	1998
89	1999
89	1836
89	2000
89	2001
89	118
89	0
89	2002
89	2003
89	96
89	2004
89	2005
89	2006
89	2007
89	2008
89	2009
89	2010
89	1785
89	2011
89	2012
89	2013
89	2014
89	2015
89	2016
89	2017
89	2018
89	2019
89	2020
89	1447
89	2021
496	89
496	1063
496	450
496	495
496	432
496	1579
496	2022
496	2023
496	2024
496	2025
1836	89
1836	215
1836	2026
1836	2027
1836	2028
1836	2029
2030	96
567	3
567	2031
254	2032
254	250
502	694
502	238
2033	1071
779	1781
779	2034
779	779
779	3
2035	6
1164	5
2036	1822
2036	30
84	0
1507	1
1665	154
1427	1056
1427	1425
1129	1125
1129	1130
1129	2037
1129	2038
1129	1041
1129	2039
1129	1135
1129	2040
1129	2041
1129	1045
1767	1767
1767	179
1767	119
2042	2043
394	4
1794	468
1794	1794
1794	383
1794	2044
1012	362
371	1
371	2
371	3
371	4
371	5
371	6
371	215
371	7
371	2045
371	855
371	334
371	1259
371	973
2046	1478
1478	2047
1478	996
1478	2046
2047	1478
1477	996
1476	996
1476	2048
2048	1476
1474	2049
1474	996
2049	1474
1475	2050
1475	996
2050	1475
1985	324
2051	1790
2051	1518
2051	2052
2051	2053
1528	233
1528	1392
455	454
455	463
455	1007
455	1000
2054	468
2054	358
2054	2055
2054	1790
2054	2056
2054	2057
2054	2058
2054	2059
2054	1969
2054	2060
2054	2061
2054	2062
2063	1602
2063	365
1602	2064
1602	365
1602	1063
1602	450
1602	2063
1602	1606
1602	2065
1602	1388
1602	2066
1602	2067
1602	2068
1602	2069
1602	1612
1602	1025
1602	2070
1602	2071
1602	303
1602	1564
1602	2072
1602	1156
1602	1617
2073	2074
2073	1163
2073	2075
1384	1380
2076	1405
527	3
527	367
527	362
527	2077
527	1381
527	527
1525	364
1525	358
1525	233
1525	1398
1525	2078
1525	2079
1525	2080
1965	1963
1611	450
1975	1975
1975	379
1975	1518
1975	1974
1975	2081
1975	2082
1975	2083
1179	5
1179	6
1172	118
1172	355
1172	1172
1172	5
1172	2084
1453	430
1453	1453
1453	179
1170	5
587	7
587	3
1173	1886
1173	219
1173	1824
1173	1878
1173	1879
1173	1887
1173	5
1173	2085
1173	1880
1173	1881
1173	1825
1173	1883
1173	1882
1173	1216
1173	2086
1173	419
662	3
662	6
7	0
7	215
7	354
7	1
7	308
7	9
7	11
7	5
7	357
7	6
7	2087
7	520
7	360
7	21
7	379
7	2088
7	524
7	8
7	358
7	4
7	23
7	367
7	525
7	528
7	201
7	118
7	198
7	223
7	219
7	242
7	2
7	216
7	1589
7	2089
7	173
7	535
7	238
7	369
7	199
7	1912
7	371
7	372
7	543
7	1182
7	373
7	166
7	58
7	2090
7	587
7	377
7	403
7	1484
7	1186
7	381
7	303
7	2091
7	562
7	1837
7	355
7	694
7	384
7	380
7	2092
7	582
7	583
7	1839
7	2093
7	2094
7	307
7	608
7	1762
7	389
7	245
7	101
7	771
7	104
7	2095
7	2096
7	387
7	386
7	1920
7	110
7	505
7	1511
7	391
7	905
7	1398
7	1845
7	667
7	669
7	1024
7	674
7	687
7	400
7	2097
7	402
7	1277
7	2098
7	2099
7	508
7	766
7	509
7	2100
7	7
7	1400
7	507
7	935
7	1347
7	969
7	312
1822	1822
1822	1176
1822	215
1822	2036
1822	1841
1822	95
1822	2101
1822	1905
1822	2102
1822	2103
1822	1864
1822	1867
1822	1863
1822	2104
525	3
525	362
525	7
525	1063
525	2105
142	5
142	6
142	0
579	579
579	3
579	8
579	5
579	6
579	580
612	3
612	1446
314	313
314	5
2106	1165
2107	6
1397	1378
1397	2108
1246	5
1246	166
1246	1246
2109	535
2002	89
2110	6
2111	6
737	8
737	3
1761	179
1761	68
1510	1
1510	355
483	285
123	0
1806	1805
1806	413
2092	7
1590	6
1590	364
1590	1590
426	223
1809	1805
2112	2113
2114	356
1807	1805
1450	6
1450	1446
1450	747
2115	166
2115	356
2115	2115
413	201
413	1806
1543	233
1526	358
1526	1526
1526	233
1526	1187
1526	2116
1526	1013
1526	2117
1526	2118
1526	2119
1526	2120
1526	2121
1526	2122
1526	2123
1526	1026
1526	2124
1526	2125
1526	1033
1526	1034
529	1964
529	529
529	3
529	19
529	2126
529	2127
529	2128
425	223
1743	1737
376	375
376	303
376	4
1519	463
681	3
1393	1378
1011	541
1011	362
1011	233
2129	2130
1541	233
1970	1963
1574	1000
1797	383
1598	1597
1005	362
1005	2131
682	3
682	362
682	1163
682	2132
1010	392
1010	672
1010	362
1010	2133
390	4
390	2134
1007	362
1007	2
1007	455
1007	1007
1007	1000
1538	2135
1538	1538
1538	233
1570	1000
1570	2136
1736	1735
2137	2138
2137	2139
2137	2140
2137	1016
2137	2141
2137	1966
2137	2142
1796	383
1966	2143
1966	1963
1966	1016
1966	2137
1966	2144
1966	2145
1116	324
1116	1112
1116	2142
2124	1013
2124	1910
2124	1526
367	1381
367	1063
367	990
367	2146
367	366
367	691
367	468
367	450
367	4
367	215
367	7
367	8
367	2147
367	527
367	361
367	1001
367	1002
367	1004
367	1531
367	1512
367	2148
367	2149
367	2067
367	1023
367	2150
367	2151
367	401
367	1015
2152	1913
2152	1004
1533	118
1533	356
1533	233
2153	2154
2142	1016
2142	2137
2142	2142
2142	1116
2155	570
2155	2155
2155	2156
2155	358
1924	8
1111	1106
1111	1118
1111	2157
2053	2051
1551	2158
1551	233
2159	541
2159	2160
2159	2161
2159	2162
2163	2164
2163	2156
1568	1000
1520	1000
1520	463
1542	233
651	1800
651	651
651	3
651	2165
651	1063
651	450
1546	2166
1546	1546
1546	2167
1546	233
1546	2168
2169	2170
2169	6
2169	994
359	1106
359	303
359	4
359	1910
359	447
359	1095
359	2171
359	2156
359	553
359	1392
359	1064
359	324
359	47
359	1060
359	1404
359	2172
359	2173
359	2174
359	2175
359	19
359	1000
359	994
359	2176
359	1555
1405	1404
1405	2076
1405	2177
1405	2178
1405	2179
553	2180
553	359
553	998
553	553
553	3
553	2181
553	362
553	47
553	2182
553	2183
553	1022
553	1375
553	2184
553	1032
47	2185
47	47
47	3
47	233
47	0
47	359
47	2186
47	2187
47	553
47	2188
47	2077
47	2189
47	2190
47	325
47	2191
47	2192
47	2193
47	2194
47	2195
2172	19
2172	359
2172	2157
2172	2196
2172	2197
2172	2198
2172	2199
1910	523
1910	359
1910	8
1910	2200
1910	19
1910	2117
1910	1910
1910	2201
1910	2124
1910	2202
2171	2146
2171	359
2171	1004
2171	2203
1408	2204
1408	1404
1408	1408
1408	1407
1408	2205
1407	1789
1407	1404
1407	1408
1407	2206
1407	2207
2180	553
2180	2208
1740	1737
1793	2209
1793	1518
1793	383
1795	2209
1795	2210
1795	2211
1795	383
1795	2212
1795	2213
2082	1975
379	2214
379	1
379	1063
379	5
379	215
379	7
379	8
379	233
379	4
379	1739
379	1975
379	2215
379	1386
379	2216
379	2217
2218	1909
1018	1018
1018	362
1018	2156
1018	2219
2081	1975
393	2220
393	4
393	2221
1006	362
1006	1063
1006	450
1006	2094
1006	2222
1006	2223
680	3
1544	2135
1544	1544
1544	233
1804	1569
353	4
353	997
353	233
353	2176
353	362
353	2224
353	363
353	1118
2225	2167
2225	2186
2226	2209
676	1049
676	676
676	364
676	358
676	3
676	303
676	2227
1744	1737
432	431
432	496
432	2228
432	2229
432	2230
2231	2232
2231	1163
2231	2068
1020	362
1020	233
1518	2209
1518	463
1518	1975
1518	2233
1518	1793
1518	2051
1518	2234
1518	2235
1518	2236
1518	2237
1518	2238
1609	2088
1609	1063
1609	450
1745	1737
449	446
2156	2239
2156	1061
2156	359
2156	2155
2156	1018
2156	2240
2156	2163
2156	2132
2156	2241
1612	450
1612	1602
1165	5
1165	1747
1165	1576
1165	2106
1165	637
380	1186
380	4
380	6
380	1
380	118
380	3
380	5
380	215
380	7
380	8
380	2242
380	2243
380	2244
380	867
1434	1432
1091	466
2245	2246
1182	7
1182	1182
1182	6
1182	5
1182	1234
1281	5
2034	2034
2034	2247
2034	779
1449	1446
2248	219
2248	355
1250	5
1250	308
2249	356
2249	2249
2249	6
2250	6
606	3
606	6
418	201
1456	492
1456	1455
599	179
599	599
599	5
599	3
599	2251
599	1923
599	2252
599	2253
599	1260
599	2254
599	2255
599	2256
599	2257
599	2258
599	2259
1262	5
1262	356
1452	430
2233	1518
1962	1169
1220	6
1220	5
2260	219
2260	355
715	3
715	1432
74	3
74	0
74	5
561	3
67	5
67	0
67	67
67	6
67	2261
2262	6
245	2
245	3
245	4
245	243
245	6
245	8
245	7
245	373
245	5
2263	1134
1150	220
1443	1440
410	201
410	238
411	1887
411	201
411	1892
417	201
1167	1960
1167	5
1167	1167
1167	6
1167	416
81	3
81	0
2264	2265
2264	2266
2264	2267
32	0
32	5
729	3
65	0
576	3
2268	6
1888	1887
2269	1166
2269	1522
2269	2270
2269	2269
2269	2271
1228	5
1228	355
1228	1228
1228	6
1228	2272
1228	2273
1228	2274
2275	2003
2275	2275
2275	6
2275	2017
2275	2018
488	487
106	3
106	2276
106	0
2276	2276
2276	106
2277	1600
420	223
420	419
356	2246
356	5
356	2
356	3
356	4
356	6
356	8
356	2146
356	400
356	2278
356	216
356	535
356	1912
356	2090
356	1580
356	2091
356	1751
356	2279
356	2280
356	1533
356	607
356	520
356	2281
356	2282
356	1404
356	2115
356	1066
356	2067
356	1024
356	2151
356	2283
356	2249
356	1262
356	1931
356	2114
356	748
356	2284
356	153
356	2285
356	1772
773	3
773	6
429	1074
429	3
429	428
1225	5
1225	6
1230	173
1230	5
1230	298
416	201
416	1167
1177	2286
1177	5
1177	6
1177	179
1177	843
1893	419
1917	8
1284	538
1284	1284
1284	5
36	0
1718	154
349	265
307	1
307	2
307	3
307	386
307	7
307	8
307	2287
307	2288
307	21
2289	2290
2289	1166
1242	166
1242	1242
1242	5
1242	6
1242	132
1231	5
104	3
104	0
104	118
104	7
2291	31
2291	2291
2291	1166
2291	6
2291	2292
2291	2293
2291	2294
2291	2295
2291	2296
2291	2297
2291	2298
2291	2299
6	0
6	337
6	354
6	61
6	89
6	220
6	9
6	355
6	3
6	486
6	215
6	356
6	357
6	1072
6	1
6	288
6	4
6	7
6	14
6	5
6	346
6	240
6	573
6	15
6	2300
6	518
6	1125
6	96
6	1450
6	360
6	21
6	2301
6	1499
6	468
6	1406
6	365
6	524
6	364
6	1061
6	994
6	23
6	1963
6	196
6	201
6	1378
6	8
6	328
6	260
6	198
6	2302
6	2303
6	237
6	227
6	193
6	322
6	223
6	270
6	242
6	281
6	1171
6	2291
6	446
6	285
6	216
6	533
6	173
6	2304
6	2032
6	2305
6	2306
6	2275
6	219
6	1096
6	2307
6	590
6	369
6	118
6	2308
6	2035
6	2309
6	250
6	1119
6	273
6	1176
6	1174
6	46
6	2310
6	179
6	68
6	49
6	500
6	1175
6	540
6	1177
6	343
6	1404
6	2169
6	2311
6	2312
6	1824
6	542
6	557
6	1417
6	1179
6	371
6	372
6	2313
6	265
6	347
6	1828
6	1829
6	544
6	1834
6	545
6	512
6	1182
6	1001
6	2314
6	1155
6	2315
6	2316
6	373
6	1065
6	166
6	549
6	2317
6	244
6	232
6	1751
6	101
6	552
6	1058
6	1364
6	380
6	1472
6	932
6	381
6	2318
6	2186
6	740
6	1092
6	2319
6	1368
6	1732
6	563
6	73
6	1167
6	245
6	2320
6	2031
6	377
6	569
6	677
6	694
6	1790
6	1739
6	386
6	2321
6	2154
6	2322
6	1352
6	76
6	1637
6	1200
6	578
6	579
6	2113
6	543
6	1900
6	604
6	1203
6	1485
6	1509
6	589
6	2323
6	1915
6	594
6	2324
6	595
6	1184
6	2325
6	2326
6	959
6	1210
6	1735
6	2327
6	2328
6	2174
6	1213
6	2329
6	1841
6	67
6	2175
6	1788
6	2330
6	1590
6	602
6	2331
6	504
6	1752
6	1217
6	2250
6	186
6	605
6	606
6	2332
6	387
6	1218
6	2333
6	1588
6	1220
6	2334
6	610
6	168
6	1764
6	782
6	389
6	2335
6	1757
6	2336
6	617
6	95
6	2337
6	2338
6	619
6	2339
6	1225
6	2084
6	2340
6	99
6	2341
6	1228
6	2342
6	1229
6	624
6	771
6	2343
6	2344
6	2345
6	2346
6	2347
6	2348
6	2349
6	1235
6	655
6	636
6	637
6	110
6	2350
6	2107
6	2262
6	2351
6	111
6	1240
6	2352
6	644
6	1241
6	1242
6	2353
6	2354
6	1238
6	1636
6	1765
6	2355
6	654
6	1245
6	391
6	114
6	1248
6	658
6	280
6	1209
6	2356
6	1251
6	2110
6	2111
6	662
6	1215
6	155
6	506
6	1780
6	1766
6	671
6	1254
6	2357
6	2358
6	2359
6	1972
6	2158
6	2360
6	685
6	2361
6	2362
6	2363
6	2364
6	1566
6	1536
6	2365
6	1929
6	2366
6	706
6	2367
6	710
6	402
6	2249
6	2368
6	2369
6	125
6	131
6	1263
6	1277
6	2370
6	2371
6	2372
6	2373
6	722
6	1268
6	726
6	1270
6	2374
6	741
6	1272
6	2375
6	730
6	1274
6	2376
6	1275
6	2377
6	142
6	1278
6	1279
6	734
6	2378
6	2268
6	1314
6	2379
6	738
6	739
6	2380
6	2381
6	1949
6	2382
6	744
6	745
6	1513
6	2383
6	750
6	731
6	752
6	2384
6	2256
6	757
6	695
6	1285
6	1286
6	136
6	764
6	2385
6	2386
6	767
6	768
6	773
6	890
6	2387
6	2388
6	2389
6	2390
6	2391
6	2392
6	2393
6	2394
6	2395
6	2396
6	2397
6	2398
6	1858
6	2399
6	2400
6	2401
6	2402
6	2403
6	1956
6	2404
6	143
6	1912
6	144
6	2405
6	787
6	2406
6	2407
6	2408
6	2409
6	2410
6	1296
6	1297
6	2411
6	151
6	799
6	805
6	817
6	821
6	2412
6	2413
6	2414
6	1516
6	1307
6	2415
6	824
6	1803
6	2416
6	1313
6	1315
6	828
6	829
6	830
6	1239
6	2417
6	833
6	2418
6	2419
6	2420
6	2421
6	2422
6	1321
6	838
6	1353
6	839
6	1323
6	2423
6	2424
6	2425
6	1154
6	2426
6	2427
6	2428
6	1325
6	2429
6	160
6	1326
6	2430
6	1327
6	2431
6	2432
6	2433
6	305
6	1328
6	2434
6	2435
6	870
6	2436
6	510
6	2437
6	2438
6	2439
6	2440
6	2441
6	1331
6	2442
6	1333
6	879
6	883
6	2443
6	1902
6	2444
6	2445
6	2446
6	174
6	2447
6	2448
6	2449
6	2450
6	2451
6	2452
6	2453
6	898
6	2454
6	2455
6	901
6	886
6	904
6	2456
6	905
6	1958
6	1775
6	1940
6	912
6	1342
6	2457
6	2458
6	2459
6	618
6	132
6	927
6	184
6	189
6	934
6	2460
6	2461
6	1305
6	1346
6	2462
6	1778
6	2463
6	1354
6	2464
6	2465
6	2466
6	2467
6	2468
6	943
6	944
6	2469
6	2470
6	2471
6	2472
6	1361
6	2473
6	2474
6	2475
6	2476
6	979
6	310
6	985
6	2477
1174	5
1174	6
1174	215
1174	308
1215	1786
1215	1215
1215	5
1215	535
1215	6
1215	180
1197	574
1197	1197
1197	5
1286	5
1286	6
1282	5
2478	573
2479	2480
2479	2303
2479	2481
2479	2482
2479	585
2480	2479
2480	196
2480	2483
1236	5
1236	2345
2339	6
2089	1589
2089	7
1593	364
2084	6
2084	1172
100	0
665	5
665	3
1208	5
351	1600
351	265
1592	364
2351	6
1071	1072
1071	5
1071	1083
1071	2033
1071	519
1071	2484
1071	2485
1071	2486
1071	1079
1071	2487
1071	2488
1071	1820
1071	1076
1071	516
1071	2489
1071	2490
1071	1085
1071	2491
1071	1071
2492	2493
2492	2494
1457	1455
1156	1166
1156	1602
1156	1155
1156	2495
73	3
73	0
73	6
2496	2174
1922	8
1584	211
1600	1599
1600	347
1600	2277
1600	351
1600	1954
1600	2497
2498	348
2499	2247
2499	2500
2247	2499
2247	377
2247	1751
2247	2034
2247	2501
2247	2502
2247	2503
2247	2504
1298	1298
1298	54
1298	5
2505	22
2505	219
1429	1425
415	201
1428	1425
1428	1072
695	3
695	695
695	5
695	6
1149	2032
1149	1149
1149	220
1152	220
64	0
619	3
619	6
1589	2506
1589	533
1589	7
1589	2089
1589	2093
1589	1212
1589	2507
168	6
168	3
168	0
87	0
1249	5
712	3
110	6
110	0
110	7
110	118
110	110
110	68
110	2508
110	1400
110	952
2409	6
1424	1418
2095	7
1278	5
1278	6
661	3
661	5
1192	1192
1192	5
1192	1837
1192	387
1279	5
1279	6
2509	521
28	3
28	0
28	28
28	5
28	2510
1755	1754
1755	1522
1755	1755
1755	1163
1755	2511
1755	2512
1755	2283
537	3
537	5
537	1237
537	2513
1344	702
1344	5
1190	5
2514	2292
72	0
72	5
616	5
616	3
1280	5
2294	2291
232	10
232	2515
232	586
232	232
232	6
232	1057
699	3
699	1256
403	7
403	118
403	403
403	3
403	4
403	215
1472	1471
1472	6
1472	2516
1813	240
1238	1605
1238	5
1238	6
2373	6
2373	792
2517	1184
2481	2479
2483	2480
2518	2293
1900	2519
1900	1900
1900	6
1900	1176
1900	2520
1900	2521
1900	1289
1900	778
1900	2402
1900	2522
1900	2523
1900	2524
1900	2525
1900	2526
1900	2527
1900	2299
1159	18
1159	1159
1159	5
1159	179
1159	219
1159	203
1159	922
99	0
99	99
99	6
99	775
562	7
562	562
562	3
133	133
133	0
133	486
1915	8
1915	1915
1915	6
131	6
131	0
554	3
554	646
554	2321
554	554
554	5
554	2528
554	2529
554	2530
474	346
474	1815
503	238
2531	1070
2295	2291
2384	6
1292	5
2532	46
2532	2533
2532	2534
2535	46
577	3
577	294
1248	5
1248	6
2536	68
1235	634
1235	1235
1235	5
1235	6
1235	1953
1285	5
1285	6
2086	1173
669	7
669	669
669	3
669	507
669	171
2537	603
2537	2538
2539	355
1244	5
1204	5
118	354
118	2
118	357
118	5
118	1
118	2346
118	214
118	3
118	4
118	215
118	7
118	8
118	199
118	198
118	173
118	1172
118	6
118	268
118	412
118	68
118	1047
118	219
118	1484
118	1186
118	1837
118	380
118	308
118	583
118	1533
118	166
118	89
118	1762
118	389
118	2087
118	588
118	104
118	2540
118	21
118	1920
118	113
118	391
118	110
118	0
118	520
118	358
118	697
118	2541
118	223
118	403
118	2288
118	1271
118	54
118	2100
118	1400
118	2542
118	2543
118	309
118	2544
1185	5
1178	5
657	3
1047	1046
1047	118
54	0
54	54
54	5
54	2545
54	1298
54	118
54	2546
1685	154
1686	154
1687	154
1688	154
1689	154
1690	154
1691	154
1692	154
1693	154
1694	154
1695	154
1696	154
1697	154
1698	154
1699	154
1700	154
1701	154
1702	154
1703	154
1704	154
1705	154
1706	154
1707	154
1708	154
1674	154
1675	154
1676	154
1677	154
1678	154
1679	154
1680	154
1681	154
1682	154
1683	154
1684	154
1181	5
630	630
630	3
630	46
1421	1418
2547	68
350	348
350	1415
350	265
34	281
34	34
34	0
34	2548
34	5
2416	6
1171	6
1171	430
1171	179
1171	5
402	308
402	2
402	402
402	3
402	4
402	5
402	6
402	7
402	8
369	3
369	2
369	4
369	5
369	6
369	215
369	7
369	2549
369	1046
369	2315
369	1515
369	835
369	157
369	558
369	1322
369	1304
369	2550
369	869
2315	2315
2315	6
2315	369
2334	6
216	24
216	216
216	5
216	303
216	356
216	6
216	7
216	8
216	2482
216	535
508	7
508	238
237	236
237	6
237	238
760	3
372	1
372	2
372	3
372	4
372	5
372	6
372	215
372	7
372	8
372	1193
372	2551
372	2552
372	2553
372	2554
372	2555
372	2556
372	1787
372	2557
372	2558
372	2559
372	802
372	2560
2533	2532
294	21
294	294
294	577
2549	369
1074	1086
1074	519
1074	429
1074	1816
1082	519
377	2247
377	1
377	2
377	3
377	4
377	215
377	7
377	8
377	355
377	377
377	6
377	2561
377	2562
377	930
377	2421
1594	364
588	3
588	1781
588	2403
588	118
588	2523
588	2524
588	2525
588	2527
2422	6
116	0
1148	196
1148	1148
1148	220
358	5
358	4
358	1162
358	2224
358	1
358	1063
358	362
358	233
358	215
358	7
358	8
358	1525
358	2563
358	1166
358	1163
358	676
358	1526
358	1827
358	2167
358	358
358	2135
358	2075
358	2564
358	2565
358	2566
358	2567
358	2568
358	608
358	2155
358	2569
358	1247
358	1388
358	2570
358	2054
358	2164
358	2078
358	1927
358	2571
358	2572
358	118
358	450
358	2573
358	2574
358	1288
358	2575
358	1043
358	781
358	2576
358	2577
358	2578
358	2579
358	2580
358	1040
358	2581
358	1617
1288	2582
1288	5
1288	358
1288	2583
1166	2291
1166	5
1166	1823
1166	53
1166	358
1166	348
1166	543
1166	544
1166	1833
1166	1479
1166	69
1166	2318
1166	1961
1166	2584
1166	2585
1166	2586
1166	2587
1166	2538
1166	504
1166	2588
1166	2269
1166	2289
1166	2575
1166	2589
1166	2390
1166	2392
1166	1156
1166	2590
1166	2591
1166	2592
1166	2400
1166	2271
1162	2301
1162	5
1162	1499
1162	358
1162	2593
1162	1119
1162	2594
1162	2595
1162	1984
1162	2596
1162	96
1162	2597
1162	1986
1162	2359
1162	2598
1162	2599
1162	1563
1162	2600
1162	2158
1162	2338
1162	2575
1162	2387
1162	158
1163	993
1163	5
1163	1187
1163	998
1163	1755
1163	358
1163	2595
1163	2073
1163	1756
1163	2596
1163	1989
1163	2340
1163	2442
1163	2231
1163	2601
1163	682
1163	2602
1163	2600
1163	2603
1163	2604
1163	2387
1163	2575
1163	866
1163	2605
771	625
771	215
771	7
771	6
771	8
771	2606
771	1
771	2
771	3
771	5
771	918
771	917
2310	6
2310	1184
319	5
319	315
1585	211
883	3
883	6
2293	2518
2293	2291
2293	2292
1291	5
721	721
721	3
721	1459
1241	5
1241	6
2326	6
780	387
780	2
780	2027
780	3
780	2607
780	2608
2292	2514
2292	2291
2292	2609
2292	2293
1473	1471
1473	1580
1723	154
2096	7
144	5
144	0
144	6
2610	196
1295	751
1295	1295
1295	5
504	2611
504	6
504	1166
504	238
504	30
504	5
636	3
636	6
636	8
808	3
719	3
2485	1071
2251	599
2251	2229
844	3
844	68
78	0
78	604
2501	2247
2372	2372
2372	542
2372	6
2372	2612
2613	564
1245	6
1245	1245
1245	5
694	1
694	1604
694	6
694	215
694	7
694	8
694	502
694	3
694	2614
2383	6
2463	6
1195	5
581	3
581	2615
1844	543
1844	215
1844	2217
1931	8
1931	356
68	1406
68	5
68	2616
68	1
68	118
68	3
68	4
68	6
68	8
68	308
68	166
68	775
68	0
68	1837
68	2617
68	575
68	1198
68	584
68	2552
68	1839
68	1761
68	2618
68	389
68	2619
68	2620
68	354
68	2
68	1237
68	645
68	2621
68	2622
68	845
68	1608
68	2088
68	2623
68	2624
68	2625
68	800
68	732
68	2379
68	1949
68	750
68	2547
68	110
68	2626
68	772
68	2627
68	2396
68	2536
68	731
68	2628
68	2629
68	844
68	2423
68	1586
68	850
68	2630
68	1773
68	2425
68	334
68	2243
68	2631
68	867
68	2632
68	2633
68	874
68	342
68	2634
68	153
68	897
68	2635
68	2636
68	903
68	2637
68	61
68	2638
68	1775
2506	1589
1266	79
1266	1266
1266	5
2304	6
2304	1264
731	5
731	3
731	6
731	68
506	238
506	506
506	6
1666	154
1673	154
1672	154
1671	154
1667	154
1719	154
2093	1589
2093	7
2093	2639
711	3
2387	6
2387	468
2387	1163
2387	1162
2387	2640
2387	2641
2387	2642
2387	777
2387	2643
2387	141
521	2509
521	3
521	5
521	535
670	3
670	1267
2616	68
2342	6
2644	219
2101	1835
2101	1822
1436	1432
812	3
1237	5
1237	537
1237	1237
1237	68
1251	1251
1251	5
1251	6
1251	1267
1251	634
850	3
850	68
850	1160
1506	1
1512	1
1512	367
2265	2264
2265	2338
2265	2265
2265	96
811	3
2376	6
2585	468
2585	1166
713	3
762	179
762	3
2355	6
2405	6
2414	6
2412	6
2413	6
2328	6
2335	6
2313	6
2473	6
149	1
149	0
149	3
628	3
595	3
595	6
595	355
745	3
745	6
1224	5
1224	179
781	2645
781	3
781	781
781	358
781	2646
781	2647
667	7
667	667
667	3
97	0
97	3
97	8
622	3
2648	219
2648	355
819	3
644	3
644	6
2649	2649
2649	1239
585	3
585	2479
1417	6
1417	1425
1417	203
739	1
739	6
739	739
739	3
758	758
758	3
758	542
813	3
2650	2338
704	3
704	2552
2408	6
549	6
549	3
549	549
549	2651
2652	1781
389	68
389	118
389	3
389	4
389	6
389	215
389	7
389	8
389	493
389	2653
826	3
818	3
752	3
752	6
129	2008
129	0
129	2654
698	3
1902	6
1902	1176
831	831
831	3
1817	1816
1817	1817
1817	240
1933	8
1933	355
659	3
1711	154
1713	154
1710	154
1715	154
1714	154
1717	154
1716	154
1670	154
1669	154
1668	154
1709	154
2288	2371
2288	2288
2288	307
2288	118
1955	1954
570	2655
570	3
570	2155
570	2118
570	2120
570	2121
570	2656
570	2123
570	2125
570	2657
570	2658
570	2659
570	1038
728	3
2484	1071
2484	2484
2484	1072
40	3
40	0
40	223
1239	2649
1239	5
1239	1239
1239	6
1239	2630
782	6
782	2660
782	782
782	3
782	2661
782	586
975	3
733	3
1839	68
1839	219
1839	215
1839	7
578	3
578	6
578	5
578	2662
578	2663
578	723
578	2664
578	770
578	2513
578	809
578	578
774	3
774	2325
2588	1166
707	3
391	1
391	118
391	3
391	4
391	6
391	7
391	8
391	2665
761	3
905	114
905	7
905	2
905	3
905	5
905	6
905	8
1435	1432
63	0
63	63
63	355
401	367
401	4
331	214
360	308
360	2
360	3
360	4
360	5
360	6
360	215
360	7
360	8
360	173
360	86
360	2666
360	299
360	755
360	2667
360	2668
2669	2331
2669	2670
2397	6
2469	6
1218	203
1218	1218
1218	6
1218	5
565	3
565	5
1066	356
1066	1063
1066	450
1066	2623
1066	194
753	3
341	341
341	336
305	3
305	6
305	21
800	68
800	5
800	3
533	1589
533	3
533	6
2503	2247
1850	215
2330	2504
2330	6
2330	1751
2671	1751
2672	1751
1044	586
1044	1044
1044	1751
2502	2247
1442	1440
2673	468
2646	781
603	2537
603	3
2674	2318
2576	358
2576	1751
2028	1836
2578	358
2675	2515
2675	2675
2675	1781
2676	2577
2043	2042
2043	30
2043	2026
2043	2677
1140	1125
1751	2247
1751	6
1751	356
1751	1781
1751	1750
1751	2678
1751	2500
1751	1043
1751	2679
1751	2576
1751	2680
1751	2672
1751	2270
1751	2590
1751	1044
1751	2681
1751	2671
1751	2682
1751	2330
1751	1901
1751	2683
1751	2684
1751	2685
1751	2686
1751	2435
2645	781
2500	2499
2500	1751
2027	780
2027	1836
2577	358
2577	2676
2686	1751
1043	586
1043	1751
1043	1043
1043	358
2607	780
2678	1751
53	1166
53	53
53	0
53	1125
2677	2043
2331	2669
2331	1781
2331	2538
2331	6
2331	2687
2331	2688
2331	2670
2331	2689
2331	2690
2670	2669
2670	2331
2679	1751
2684	1751
2685	1751
2691	2515
2608	780
2692	31
2029	1836
2029	69
2693	2580
2296	2291
2402	6
2402	1900
2520	1900
2403	588
2403	2403
2403	6
2393	6
1853	215
1834	1176
1834	1834
1834	6
1834	215
1834	2694
1865	1176
1865	215
1862	543
1862	215
1838	543
1838	215
1841	6
1841	1822
1841	215
1854	1176
1854	215
1854	2695
1832	2696
1832	544
1832	1781
1832	215
1904	1831
1897	1826
1856	1176
1856	215
1847	543
1847	215
1860	1826
1860	215
1884	1824
1858	1781
1858	1858
1858	6
1858	215
1855	215
1855	1827
1852	1176
1852	215
1852	1828
543	1826
543	1
543	3
543	7
543	1829
543	1166
543	1838
543	6
543	1844
543	1847
543	1859
543	1862
543	1875
543	2695
543	1874
1864	1864
1864	215
1864	1822
1864	1826
2103	1822
1870	1176
1870	215
2696	1832
2696	1873
1842	1176
1842	215
1869	1176
1869	215
1835	1176
1835	215
1835	2101
1835	1829
1857	215
1861	215
1898	1826
2697	1827
1905	1828
1905	1822
1843	215
1843	1823
1859	543
1859	215
1823	1166
1823	1823
1823	215
1823	1843
2102	1822
1872	1828
1872	215
1872	2698
2694	1834
2695	543
2695	1854
544	1832
544	3
544	1166
544	6
544	1827
1871	215
1867	215
1867	1822
1827	1891
1827	1176
1827	215
1827	1828
1827	358
1827	544
1827	1896
1827	1855
1827	2697
1827	1906
1873	215
1873	2696
1863	1875
1863	1863
1863	215
1863	1822
1892	411
1892	419
2085	1173
1846	215
1846	1176
2391	6
1126	2563
1126	1126
1126	1125
2699	532
1130	1125
1130	1129
1131	1125
2401	6
1127	30
1127	1125
1127	1845
1127	1137
2700	2563
1289	1289
1289	5
1289	1900
2701	778
2683	1751
2681	1751
2297	2291
2400	1166
2400	2400
2400	6
2031	567
2031	6
2031	468
2031	2031
2031	1373
2521	2521
2521	1900
2590	1166
2590	2590
2590	1751
2435	6
2435	1751
2435	524
2318	6
2318	1166
2318	2674
2318	2702
2318	2703
2318	2704
2705	2538
2705	2392
2705	2705
499	498
499	1125
2392	2705
2392	6
2392	1166
2392	2706
2392	2707
31	2291
31	0
31	2692
31	2526
2707	2392
500	498
500	6
500	468
2680	1751
1781	2331
1781	215
1781	1830
1781	1832
1781	779
1781	1751
1781	2675
1781	588
1781	1780
1781	2652
1781	1858
1781	989
2687	468
2687	2331
1849	1176
1849	215
778	2701
778	586
778	2708
778	3
778	1900
69	0
69	1166
69	1522
69	69
69	2708
69	2029
69	2399
2708	778
2708	69
783	3
783	1125
2396	68
2396	2396
2396	6
2398	30
2398	2398
2398	6
2398	2592
2525	588
2525	1900
2524	588
2524	1900
2477	6
2709	30
2710	532
2703	2318
1144	1125
2394	6
2390	6
2390	1166
2702	2318
2026	1836
2026	2043
2689	468
2689	2331
1133	1133
1133	1125
2563	358
2563	1126
2563	1845
2563	2700
2563	1143
2039	1129
2611	504
1895	1826
1045	1045
1045	1125
1045	586
1045	1129
2704	2318
1136	1125
1135	1125
1135	1129
2580	2693
2580	358
2364	6
79	3
79	0
79	1266
342	336
342	342
342	68
689	2711
689	3
794	3
751	3
751	1295
96	2712
96	1522
96	96
96	6
96	2265
96	2713
96	1162
96	2714
96	2715
96	0
96	2716
96	2717
96	89
96	2030
96	2718
96	2719
96	2720
96	2721
96	2722
2286	1177
838	5
838	3
838	6
856	3
2438	6
832	3
709	3
709	173
750	3
750	6
750	68
857	3
857	166
857	312
1938	8
2714	2338
2714	96
1277	7
1277	1277
1277	6
1277	5
535	2109
535	2
535	3
535	356
535	5
535	7
535	8
535	521
535	101
535	1758
535	1215
535	216
535	732
535	814
535	2544
635	3
1782	1240
1782	2513
1782	1782
534	3
534	5
534	546
2256	6
2256	599
1916	8
2619	68
663	3
1227	5
101	535
101	6
101	1
101	2
101	101
101	3
101	215
101	7
101	8
101	0
101	2723
2006	89
2006	173
634	3
634	1235
634	1251
714	3
322	321
322	5
322	6
322	1459
322	1460
322	539
322	1749
322	94
322	639
322	322
322	2724
598	3
598	355
1712	154
828	3
828	6
655	6
655	3
720	3
720	5
1759	179
1759	8
1316	5
1316	2725
1316	542
551	551
551	3
551	8
196	195
196	6
196	1148
196	2480
196	2610
196	1123
196	318
784	3
754	3
563	3
563	6
1374	421
1189	5
653	653
653	3
653	2726
2727	1522
2728	1522
569	3
569	6
569	486
2305	6
2305	252
2347	6
2647	781
1768	179
163	3
163	0
608	3
608	1063
608	450
608	608
608	358
608	7
2045	371
2045	355
2045	542
2045	2729
258	257
772	3
772	68
894	3
893	3
893	893
895	3
1219	5
1219	166
2303	229
2303	6
2303	2479
1728	154
1655	154
1658	154
2730	1650
1656	154
1651	154
1649	154
1653	154
1659	154
1652	154
1661	154
1654	154
1660	154
1662	154
1663	154
1648	154
1724	154
1647	154
1721	154
1722	154
1729	154
1730	154
1720	154
1650	154
1650	2730
1725	154
1638	154
206	204
206	1455
1727	154
1657	154
2510	28
882	3
991	2731
991	362
991	303
991	233
991	1976
991	1987
991	2732
991	1753
991	2733
991	2734
991	2735
991	2736
991	2737
991	2738
991	2739
991	2740
991	2741
991	2742
991	2743
303	359
303	1063
303	520
303	3
303	991
303	201
303	8
303	216
303	996
303	179
303	376
303	303
303	450
303	400
303	2
303	7
303	1735
303	95
303	2744
303	2222
303	4
303	676
303	1025
303	2094
303	1602
303	21
1556	233
2745	2139
2745	2746
2177	1405
2184	2570
2184	553
2301	6
2301	1162
2187	47
2187	1529
2747	1996
23	0
23	1063
23	450
23	233
23	6
23	215
23	7
23	8
23	691
23	23
23	4
23	2565
23	103
23	3
392	1010
392	392
392	4
392	2748
1024	1014
1024	1
1024	1063
1024	7
1024	8
1024	450
1024	1024
1024	356
1024	362
1788	1534
1788	6
2183	553
2749	1739
2750	541
2751	541
1376	2208
1376	1376
1376	998
2752	541
2191	2167
2191	47
1109	1106
365	2147
365	447
365	6
365	363
365	1602
365	4
365	2753
365	2754
365	2063
365	2208
365	2755
365	1909
365	1064
365	233
365	1115
365	2756
365	1735
365	2168
365	2165
365	2757
365	1536
365	2068
365	2758
1002	362
1002	367
1996	2747
1996	1396
1529	2187
1529	233
1529	2135
1529	1626
1529	2759
1554	233
453	8
453	361
453	1635
1909	1908
1909	1909
1909	365
1909	275
1909	2760
1909	2761
1909	2218
1909	2762
1909	2763
1909	2764
995	362
995	1063
995	450
995	995
995	8
995	2765
995	2278
995	62
1013	8
1013	362
1013	1526
1013	2124
1013	1013
2766	2767
2766	2
2766	1610
2766	2766
2766	2068
2	0
2	1063
2	118
2	9
2	355
2	356
2	3
2	2087
2	2768
2	360
2	89
2	324
2	1370
2	2769
2	528
2	223
2	219
2	7
2	535
2	1371
2	1369
2	369
2	1000
2	994
2	1912
2	371
2	372
2	373
2	2090
2	377
2	381
2	303
2	2091
2	245
2	1527
2	386
2	307
2	780
2	101
2	1007
2	68
2	387
2	1920
2	646
2	2766
2	1610
2	2770
2	687
2	2771
2	1404
2	1560
2	1031
2	2772
2	402
2	766
2	771
2	404
2	905
2	935
2	400
2	312
2773	1610
1925	2141
1925	8
1925	2774
1925	2775
1925	2776
1925	2777
1925	2139
2357	468
2357	6
1118	363
1118	288
1118	1110
1118	1099
1118	1111
1118	233
1118	353
687	3
687	2
687	362
687	233
687	7
687	2778
2134	390
1401	2779
1401	231
1401	215
2780	2135
1524	1524
1524	233
2361	6
2077	527
2077	47
2146	356
2146	367
2146	2171
2146	2146
2779	1401
2529	554
990	2781
990	362
990	367
990	1383
2083	1975
2782	1536
2782	2197
2235	1518
1027	1027
1027	362
1027	383
1027	2783
1540	233
2116	2755
2116	2116
2116	1526
274	273
274	1982
274	2784
274	2785
274	2786
274	2787
2788	278
276	273
276	2789
1982	274
1982	1981
279	273
279	2130
2130	279
2130	2129
2787	274
278	2788
278	273
2785	274
2786	274
2784	274
277	2790
277	273
2790	277
2789	276
1063	2
1063	288
1063	496
1063	231
1063	194
1063	303
1063	367
1063	450
1063	1404
1063	379
1063	235
1063	1380
1063	1601
1063	358
1063	23
1063	995
1063	525
1063	1602
1063	1603
1063	1604
1063	582
1063	1006
1063	608
1063	1539
1063	1398
1063	666
1063	1066
1063	1608
1063	1024
1063	1609
1063	1610
1063	673
1063	674
1063	2069
1063	651
1063	62
1063	1553
1063	2070
1063	685
1063	2771
582	1
582	1063
582	450
582	233
582	3
582	215
582	7
582	2791
582	2792
2196	2564
2196	2172
2571	358
2174	6
2174	359
2174	2496
1995	1396
2793	2209
1567	1000
2763	1909
2794	2209
395	4
2735	991
2238	1518
1022	362
1022	553
1022	1022
2071	1610
2071	2071
2071	1602
1739	379
1739	1739
1739	6
1739	1737
1739	2795
1739	2748
1739	2796
1739	2232
1739	2749
1739	2797
1739	2798
1739	2799
1739	2800
1739	2801
1739	2802
1739	2803
1739	2804
1115	2805
1115	365
1115	1110
1115	2806
1115	1106
645	3
645	68
686	362
686	3
1371	2807
1371	1369
1371	2
1371	233
2807	1371
120	0
2234	1518
528	2808
528	3
528	2
528	362
528	7
2809	1972
2160	2159
2160	2160
2160	2208
2160	2570
1607	2565
1607	1607
1607	450
451	1378
451	451
451	361
2770	2770
2770	2
2770	1601
2810	1373
1631	363
2748	1739
2748	392
2078	358
2078	1525
2078	2206
1375	520
1375	1375
1375	553
1375	998
1375	2811
1375	2812
1187	1501
1187	1163
1187	1526
1187	5
2813	541
2799	1739
2074	2073
1386	379
1386	1380
1409	1404
1610	2
1610	1063
1610	450
1610	2766
1610	2071
1610	2773
1610	2772
1395	1378
1391	1380
1255	468
1255	2737
1255	5
2814	1373
2814	2815
684	3
684	2816
2182	553
2360	6
1967	1963
1383	990
1383	1380
1383	2147
1383	2817
1383	2818
679	3
679	362
1108	1106
2057	2054
2239	2156
2239	2239
1531	1531
1531	233
1531	367
235	524
235	1063
235	450
235	234
235	1025
235	1614
235	2819
235	2820
2236	1518
2795	1739
994	1370
994	6
994	2769
994	362
994	2753
994	2169
994	2
994	359
1608	68
1608	1063
1608	450
2128	529
1025	362
1025	303
1025	235
1025	1025
1025	1602
2723	2723
2723	101
1919	2821
1919	8
1919	1746
2056	2054
2565	358
2565	23
2565	1607
2602	1163
2237	1518
2209	1518
2209	1795
2209	2226
2209	2794
2209	1793
2209	2793
2209	2822
2209	2823
2209	2824
2209	2825
2209	2826
2209	2827
2209	2828
2209	2829
2179	1405
1603	373
1603	1063
1603	450
1603	2830
2108	1397
2831	2055
2151	356
2151	367
2741	991
672	1010
672	3
672	2832
1029	362
2224	358
2224	2808
2224	2805
2224	353
1028	362
2623	68
2623	1066
2623	2623
526	3
526	2731
1571	1000
1003	1000
1003	362
1003	997
1792	383
523	3
523	1910
523	2119
1565	8
1565	233
2796	1739
2767	2766
2143	1966
1616	1030
1616	1616
1616	450
2833	1601
2358	6
2358	2834
1553	233
1553	1063
398	4
2069	468
2069	1063
2069	1602
2069	2835
2069	1034
2836	541
2175	2175
2175	6
2175	359
2772	2
2772	1610
2166	1546
1110	1110
1110	1115
1110	1118
1110	1106
2324	2837
2324	468
2324	2324
2324	6
2324	2838
2324	1928
2324	2839
2593	1162
2593	2756
2204	1408
2731	991
2731	526
1604	694
1604	1063
1604	450
1605	1238
1605	1605
1605	450
1113	2200
1113	2176
1113	62
1113	1522
1113	2840
1113	1106
2732	991
2203	2171
1557	233
1557	1563
1552	233
2066	1602
2066	520
2067	367
2067	1602
2067	356
1186	5
1186	118
1186	380
1186	7
1186	1760
1186	2841
1186	2842
1186	1317
1186	2843
2844	468
2246	2245
2246	356
2246	2845
640	640
640	3
640	46
219	1805
219	1
219	2
219	3
219	5
219	7
219	8
219	286
219	203
219	218
219	2846
219	515
219	219
219	6
219	257
219	2648
219	1173
219	2311
219	118
219	381
219	2248
219	1159
219	1839
219	2847
219	2094
219	2260
219	201
219	2848
219	1920
219	1070
219	2726
219	2505
219	723
219	2724
219	2849
219	2850
219	2851
219	170
219	2852
219	925
219	2853
219	2633
219	2854
219	2855
219	2644
219	2856
2718	2338
2718	2718
2718	96
542	3
542	6
542	5
542	2857
542	2858
542	2859
542	1232
542	1511
542	2045
542	2860
542	2861
542	2372
542	2437
542	758
542	1769
542	1316
542	839
542	1338
542	1323
2345	520
2345	2345
2345	6
2345	1236
2345	137
2345	187
1217	5
1217	6
1621	209
333	5
333	214
1312	486
1312	1312
1312	5
55	0
127	127
127	3
127	0
127	5
2302	6
2302	524
2302	2862
623	3
674	3
674	1063
674	450
674	233
674	215
674	7
674	8
674	387
867	3
867	68
867	2617
867	1998
867	380
2617	68
2617	1998
2617	2561
2617	2863
2617	2864
2617	867
2617	1997
2617	2865
1998	89
1998	2617
1998	2866
1998	867
1998	2867
2000	89
1999	89
1997	89
1997	1997
1997	2617
1997	1779
1997	2868
2019	89
2020	89
2021	89
2620	68
2636	68
747	747
747	3
747	1450
524	2869
524	1
524	235
524	3
524	5
524	6
524	215
524	7
524	8
524	2302
524	532
524	2091
524	1918
524	2281
524	524
524	233
524	2540
524	191
524	2148
524	452
524	2759
524	1561
524	2870
524	2845
524	2871
524	1276
524	1934
524	1935
524	2872
524	836
524	1517
524	2435
524	246
91	3
91	0
2513	578
2513	537
2513	1782
1076	519
1076	1076
1076	1071
1201	5
26	0
26	217
2713	96
58	0
58	7
355	2873
355	2
355	173
355	4
355	6
355	215
355	2648
355	8
355	1172
355	377
355	5
355	2548
355	7
355	2248
355	595
355	308
355	598
355	2874
355	1510
355	1228
355	2260
355	1233
355	2440
355	1252
355	2539
355	2045
355	708
355	2860
355	2725
355	2665
355	2875
355	1933
355	1595
355	2876
355	2877
355	2253
355	2261
355	810
355	63
355	2419
355	2430
355	2450
355	2462
355	846
355	1776
355	2878
355	953
355	2879
355	2855
2437	542
2437	6
2850	2850
2850	219
2254	599
2254	889
668	3
652	3
835	3
835	5
835	369
875	3
2604	1163
2604	564
1210	6
1210	5
564	2880
564	3
564	2881
564	2882
564	2613
564	2883
564	2614
564	2604
564	2512
564	2884
1198	68
1198	5
1583	211
35	0
334	68
334	371
334	214
334	2449
30	2515
30	3
30	0
30	2036
30	1127
30	1125
30	1522
30	2043
30	2586
30	1780
30	30
30	504
30	2398
30	2709
2885	1522
150	0
2449	6
2449	334
82	1461
82	3
82	0
82	1336
624	3
624	6
624	624
624	5
1619	209
2382	6
2317	6
2266	2264
2857	542
2857	2725
2285	356
763	763
763	3
763	1455
633	2886
633	3
2486	1071
855	3
855	371
855	486
139	5
139	0
540	3
540	6
540	5
949	3
580	580
580	3
580	579
1077	519
1077	1077
1077	240
2629	574
2629	2629
2629	68
836	3
836	524
1180	5
584	584
584	3
584	68
584	1202
777	3
777	2387
2450	355
2450	2450
2450	6
2352	6
841	5
841	3
904	3
904	6
904	5
1912	356
1912	2
1912	7
1912	8
1912	6
2594	1162
2875	355
2459	6
182	0
2461	157
2461	6
2374	6
505	7
505	238
1664	154
1643	154
1726	154
205	204
493	198
493	389
490	198
207	204
2887	2558
465	354
1911	8
1588	1587
1588	6
43	0
1254	5
1254	6
1254	8
1233	355
1233	1233
1233	5
877	3
643	643
643	3
643	347
1200	5
1200	6
1200	2888
384	1
384	386
384	3
384	4
384	215
384	7
673	3
673	1063
2519	1900
1260	5
1260	599
295	2308
295	21
2308	6
2308	295
941	5
941	3
1929	8
1929	1929
1929	6
632	1
632	3
732	732
732	68
732	3
732	535
2091	524
2091	2
2091	356
2091	7
1353	6
1353	5
706	3
706	6
706	5
646	554
646	5
646	179
646	2
646	3
646	114
646	1290
646	2544
2881	564
2881	2568
1764	6
1764	179
2516	1472
2883	564
703	3
654	3
654	6
654	5
654	2889
2452	6
884	1
884	3
1622	209
2255	599
2664	578
306	21
2312	6
173	355
173	3
173	2007
173	360
173	118
173	4
173	5
173	6
173	7
173	8
173	2003
173	2013
173	1785
173	2001
173	2890
173	2891
173	2005
173	2892
173	2017
173	1230
173	2011
173	2012
173	2008
173	2272
173	329
173	2018
173	709
173	2015
173	2654
173	2014
173	2010
173	2009
173	146
173	2004
173	2006
173	2016
173	858
173	21
173	0
173	2893
2861	542
559	1188
559	3
1226	5
2267	2264
2032	1149
2032	6
2032	254
1400	308
1400	118
1400	110
1400	215
1400	7
2332	2332
2332	6
617	3
617	5
617	617
617	6
823	3
823	5
658	3
658	6
2311	219
2311	2311
2311	6
1352	6
1352	5
1302	5
1302	864
692	3
1209	2493
1209	5
1209	6
1209	520
165	0
2097	7
2894	486
890	468
890	6
890	3
2446	6
1223	5
2395	6
865	3
865	220
641	3
641	641
641	8
44	0
740	6
740	3
1093	466
357	1
357	118
357	308
357	4
357	5
357	6
357	7
357	8
357	1067
357	83
357	717
1360	5
1264	5
1264	2304
970	3
2512	564
2512	2568
2512	1755
664	5
664	3
2410	2410
2410	6
2568	2881
2568	358
2568	2882
2568	2512
2568	2895
2568	2568
1511	1
1511	7
1511	542
1511	1783
1620	209
734	3
734	6
734	5
297	21
297	3
386	384
386	2
386	5
386	6
386	8
386	307
386	4
386	215
386	386
386	1
386	7
386	2771
2004	89
2004	173
2005	173
2005	89
302	373
302	21
2846	219
697	3
697	118
697	5
931	8
931	3
132	1242
132	0
132	3
132	132
132	6
132	2896
404	2
404	4
404	8
1303	5
2439	6
2851	219
2849	219
1837	1192
1837	118
1837	68
1837	215
1837	7
1837	2897
759	3
531	3
610	3
610	6
560	3
93	3
93	0
547	3
2898	520
701	1
701	3
520	3
520	303
520	8
520	7
520	2874
520	356
520	2345
520	2066
520	1375
520	118
520	2899
520	1209
520	1325
520	400
520	2898
520	147
2866	1998
1084	519
1337	5
1765	179
1765	6
114	3
114	0
114	6
114	646
114	905
583	583
583	3
583	118
583	5
583	7
1196	5
244	243
244	244
244	6
1221	5
1276	5
1276	524
2454	6
1920	219
1920	2
1920	118
1920	7
1920	8
2282	356
2090	356
2090	2
2090	7
2090	1845
2316	6
2316	2316
742	3
742	5
2900	1522
625	3
625	771
788	3
1336	82
1336	1336
1336	5
2344	6
2769	994
2769	2
1234	5
1234	1182
785	785
785	3
785	5
785	590
2444	6
798	3
798	2404
1257	5
1257	8
915	3
1229	5
1229	8
1229	1229
1229	6
296	3
296	21
881	3
2389	2566
2389	6
2389	2389
2420	6
1202	584
1202	5
1202	2369
2464	6
827	3
1207	5
1326	5
1326	6
2859	542
545	3
545	6
607	3
607	356
2088	7
2088	1609
2088	68
2088	2346
2725	1232
2725	355
2725	2857
2725	1316
1191	5
806	3
1072	1069
1072	1072
1072	1071
1072	6
1072	467
1072	1090
1072	2484
1072	2901
1072	1428
1072	2490
982	3
982	2453
348	2902
348	1438
348	348
348	1166
348	2903
348	1596
348	265
348	2498
348	350
348	2904
348	2905
348	2906
348	2907
1203	5
1203	6
627	3
2902	348
766	3
766	2
766	1188
766	7
766	8
486	12
486	5
486	6
486	48
486	3
486	556
486	569
486	2618
486	1222
486	2622
486	133
486	2908
486	2386
486	789
486	2909
486	1312
486	1318
486	2621
486	855
486	874
486	878
486	2894
486	2637
486	1775
486	2878
486	1354
486	1779
2455	6
2847	219
2552	372
2552	68
2552	704
2283	2283
2283	356
2283	1755
299	3
299	360
299	5
299	21
671	1
671	3
671	6
2425	6
2425	68
1311	5
2417	6
787	3
787	6
749	3
749	2910
1803	1183
1803	1803
1803	6
925	3
925	219
925	2911
1300	5
2426	6
2899	520
775	2912
775	68
775	2338
775	99
775	3
775	2913
620	3
620	5
2272	1228
2272	173
2272	2272
2914	166
927	3
927	6
2639	2093
2633	2633
2633	68
2633	219
2001	173
2001	89
2007	173
2007	89
2008	129
2008	173
2008	89
2654	129
2654	173
2012	173
2012	89
2013	2915
2013	173
2013	89
2014	173
2014	89
2015	173
2015	89
2003	2275
2003	173
2003	89
1340	5
1949	1949
1949	6
1949	68
1949	2257
1949	797
1949	8
2848	219
111	3
111	0
111	6
1327	5
1327	6
1306	5
866	3
866	1163
1083	1071
1083	2916
1083	519
2726	653
2726	219
2726	1314
2726	2726
609	3
834	3
834	179
409	201
1075	519
1771	179
854	3
2451	6
2595	1163
2595	1162
1211	5
77	0
77	3
510	6
510	238
2541	118
1252	2346
1252	355
1252	1488
1252	1252
1252	5
1222	486
1222	1222
1222	5
2327	6
888	3
60	3
60	0
135	3
135	0
137	0
137	2345
1773	68
1773	1773
1773	179
1773	971
765	1455
765	765
765	3
602	3
602	602
602	6
2404	6
2404	798
1918	524
1918	8
1319	5
1758	1757
1758	535
1297	5
1297	6
468	240
468	5
468	2139
468	6
468	367
468	194
468	2515
468	346
468	1618
468	3
468	1373
468	2917
468	1984
468	2324
468	2585
468	2673
468	1780
468	2031
468	2340
468	2216
468	2918
468	1539
468	1794
468	1092
468	2054
468	2069
468	2357
468	2919
468	1255
468	2920
468	2921
468	2070
468	2136
468	2599
468	2044
468	2363
468	2922
468	2923
468	2924
468	2925
468	2870
468	2844
468	890
468	2387
468	2926
468	2687
468	2927
468	500
468	2689
468	2690
468	2928
468	2465
917	3
917	771
912	3
912	6
912	5
2340	6
2340	1163
2340	468
2340	2913
791	3
791	5
767	3
767	6
387	780
387	5
387	3
387	4
387	6
387	215
387	8
387	1762
387	2
387	7
387	1398
387	674
387	1192
387	2100
387	2929
387	387
387	969
387	312
887	3
887	1432
467	1072
467	5
467	346
467	1081
467	1080
1320	5
166	3
166	68
166	6
166	7
166	8
166	1219
166	118
166	2115
166	1242
166	1253
166	1448
166	592
166	2914
166	857
166	872
166	0
166	1246
727	362
727	3
727	8
155	21
155	3
155	6
155	0
184	6
184	0
2912	775
2665	391
2665	355
2432	6
592	3
592	166
928	3
958	3
9	1522
9	1
9	2
9	3
9	0
9	6
9	7
9	8
2421	6
2421	377
2421	2421
262	260
262	223
618	3
618	6
2418	6
2418	1775
2913	775
2913	2340
2273	1228
2930	1508
2905	348
2852	219
926	3
702	3
702	5
702	1344
2322	6
805	805
805	3
805	1425
805	6
805	211
347	265
347	6
347	1600
347	1954
347	1403
347	2931
347	643
347	1199
347	2932
347	2933
347	2934
347	2935
2575	1166
2575	2575
2575	1162
2575	1163
2575	358
2323	6
332	214
2368	2368
2368	6
852	3
2243	380
2243	68
839	3
839	6
839	542
145	3
145	0
76	6
76	0
2348	6
2377	6
2356	6
1814	240
1820	1071
1820	240
1769	179
1769	542
517	3
517	5
517	517
2325	2494
2325	6
2325	774
2641	2387
158	1162
158	158
158	0
2546	1161
2546	54
2415	6
1345	5
2550	369
95	2936
95	303
95	95
95	3
95	0
95	5
95	6
95	1380
95	1125
95	1822
959	6
959	3
170	0
170	170
170	219
2100	2937
2100	387
2100	118
2100	7
2100	2100
952	3
952	110
824	3
824	6
824	5
2653	389
833	6
833	3
833	5
1581	1188
2597	1373
2597	2597
2597	1162
2366	6
2443	6
2621	2621
2621	68
2621	486
738	3
738	6
723	3
723	578
723	219
1305	5
1305	6
2423	68
2423	6
604	78
604	6
604	3
935	3
935	2
935	7
2337	6
1339	5
1270	5
1270	6
948	373
948	3
656	3
2934	347
2307	6
1921	8
820	3
1644	154
147	3
147	5
147	0
147	520
2353	6
897	3
897	68
951	3
1779	179
1779	1997
1779	486
177	5
177	0
90	0
816	3
2540	524
2540	118
2540	2938
2586	1166
2586	30
810	3
810	355
2666	360
802	3
802	372
422	1432
422	422
422	223
2441	6
2910	749
914	3
1348	5
1094	466
1094	1094
1094	240
2872	524
482	8
482	285
829	3
829	6
859	3
2436	6
2447	6
130	3
130	0
962	3
289	21
2072	1601
2072	2072
2072	1602
2740	991
1023	362
1023	367
400	1601
400	356
400	303
400	7
400	4
400	520
400	2
1984	1983
1984	468
1984	1162
1984	2567
2055	2831
2055	2054
2252	599
541	1981
541	3
541	1373
541	2159
541	2181
541	1980
541	2939
541	541
541	233
541	2836
541	2940
541	1011
541	2750
541	678
541	2813
541	2752
541	2751
541	2812
541	1377
678	3
678	541
1547	233
2941	1410
1753	1738
1753	991
2754	365
2753	994
2753	365
2829	2209
1968	1963
2117	1526
2117	1910
2117	2117
2921	468
2658	570
447	365
447	447
447	359
447	446
447	1392
447	460
447	1623
447	275
1392	1378
1392	1064
1392	359
1392	447
1392	275
1392	1528
1392	1983
1392	2919
1502	1501
1502	1064
275	273
275	1392
275	447
275	1909
1064	1392
1064	194
1064	359
1064	1502
1064	365
2208	2180
2208	365
2208	2131
2208	2942
2208	2943
2208	2160
2208	2811
2208	1376
2147	2214
2147	365
2147	2944
2147	367
2147	1383
2147	1484
2147	1385
2147	2945
2147	1390
2147	2817
2147	2946
2147	2947
2147	2948
2756	365
2756	2593
2756	2949
2756	2198
2168	365
2168	2186
2168	1546
2758	365
2758	2950
2755	365
2755	2116
2755	2105
1791	119
1791	383
2942	2208
1969	1963
1969	2054
2817	1383
2817	2147
993	362
993	1163
1972	6
1972	2809
1972	1963
2144	1966
2774	1925
2278	356
2278	995
2925	468
1558	233
1550	233
2205	1408
1742	1737
2362	1373
2362	6
2837	2324
2806	1115
2094	1006
2094	219
2094	7
2094	303
2792	582
2570	358
2570	2184
2570	2160
2167	2655
2167	358
2167	2188
2167	2191
2167	2192
2167	2951
2167	2225
2167	1546
2167	1019
2167	2194
2167	2952
1624	382
1624	497
690	3
690	1635
2797	1739
1117	1112
2024	2953
2024	496
1034	362
1034	2069
1034	1526
2222	2954
2222	1006
2222	303
2222	2222
2222	2223
2222	2955
2659	570
2186	6
2186	47
2186	2225
2186	2168
2186	2189
2956	2068
2956	2957
2192	2167
2192	47
1389	1380
2181	541
2181	553
992	992
992	362
992	2958
1377	998
1377	541
2227	676
2022	496
2832	672
1559	233
62	1380
62	1113
62	0
62	1522
62	995
62	1063
62	194
62	2924
2080	1525
2762	1909
685	2959
685	233
685	1063
685	3
685	6
2738	991
1573	1000
2953	2024
2280	356
2132	682
2132	2156
2132	1061
1913	1913
1913	8
1913	1004
1913	2152
1913	2960
1004	1913
1004	367
1004	1004
1004	362
1004	2171
1004	2152
1004	1015
2359	1162
2359	6
2359	2961
2952	2167
1614	235
1614	450
1033	362
1033	1526
2119	2119
2119	1526
2119	523
2123	1526
2123	570
1373	541
1373	468
1373	2338
1373	1369
1373	2962
1373	2597
1373	1986
1373	2362
1373	2963
1373	2814
1373	2810
1373	2031
2835	2069
2840	1113
1601	2064
1601	2346
1601	1063
1601	450
1601	1601
1601	400
1601	8
1601	2791
1601	2964
1601	2770
1601	2833
1601	2965
1601	2072
1601	2966
2734	991
1623	497
1623	447
1623	1737
1623	1105
2920	468
2188	2167
2188	47
2025	496
1536	2782
1536	365
1536	233
1536	6
2189	47
2189	2186
1928	8
1928	2324
1388	358
1388	1602
1388	1380
2178	1405
1015	1004
1015	362
1015	367
2821	1919
2206	2206
2206	2078
2206	1407
2946	2147
683	3
1398	2065
1398	308
1398	1063
1398	1525
1398	1398
1398	387
1398	8
1398	7
1410	2967
1410	1404
1410	2941
2968	1522
2969	2959
2970	2135
2154	2153
2154	6
2154	1365
1798	383
1555	359
1555	1555
1555	233
2742	991
2202	1910
1381	2971
1381	1483
1381	367
1381	1380
1381	1418
1381	527
1548	8
1548	233
2052	2051
2711	689
2711	1979
2228	432
2140	2137
1061	2156
1061	6
1061	1060
1061	1735
1061	2132
2126	529
2967	1410
2363	468
2363	2363
2363	6
2972	675
1402	231
2572	358
452	524
452	361
1545	2135
1545	1545
1545	233
1561	524
1561	233
1561	8
2170	2169
1572	1000
2190	47
2162	2159
19	1106
19	0
19	997
19	2176
19	2172
19	2173
19	359
19	1910
19	529
19	19
2603	1366
2603	1163
2603	2973
2603	2974
2739	991
2139	2137
2139	468
2139	2745
2139	2975
2139	1925
2964	1601
2198	2756
2198	2172
1016	1966
1016	362
1016	2137
1016	2142
1016	2145
2044	468
2044	1794
1977	1976
2564	358
2564	2196
2564	2949
2816	2976
2816	2075
2816	684
1563	1557
1563	1162
1563	2023
1563	233
2062	2054
2977	119
691	367
691	23
691	3
119	1767
119	0
119	1791
119	1790
119	2977
2733	991
2207	1407
2158	1551
2158	2158
2158	6
2158	1162
2761	1909
2211	2978
2211	1795
2068	2766
2068	1602
2068	2956
2068	365
2068	2231
2068	2979
2830	1603
2135	1529
2135	358
2135	1538
2135	1544
2135	1545
2135	2970
2135	2780
2135	2150
2230	432
2145	1966
2145	1016
2971	1381
399	4
2978	2211
1635	453
1635	690
1635	1537
2939	541
1626	1529
1626	497
2776	1925
2746	2745
2980	2214
2528	554
2655	570
2655	2167
1615	450
2834	2358
2164	358
2164	2240
2164	2163
1001	1001
1001	362
1001	367
1001	6
2219	1018
1031	362
1031	2
2060	2054
2060	1582
2200	1910
2200	1113
2176	19
2176	353
2176	1113
2176	359
1926	8
2891	173
2891	2891
2890	173
815	3
1577	1576
1577	1522
1461	82
1461	1459
1342	5
1342	6
1349	5
817	3
817	6
746	3
2508	110
874	3
874	68
874	486
874	2628
1762	179
1762	118
1762	387
1762	215
1762	7
1762	2981
911	3
911	5
2561	2561
2561	377
2561	2617
934	3
934	6
934	5
2407	6
1958	373
1958	6
967	3
186	6
186	0
2287	2287
2287	307
2889	548
2889	2889
2889	654
548	1425
548	548
548	3
548	8
548	1335
548	2982
548	2889
548	2983
548	1951
2933	347
2379	6
2379	68
650	3
650	5
2378	6
309	3
309	118
309	21
908	3
2429	6
2874	520
2874	355
1253	166
1253	1253
1253	5
255	255
255	1056
255	283
255	242
2257	599
2257	1949
117	117
117	8
117	0
2897	1837
955	3
955	955
1263	5
1263	6
573	1070
573	573
573	6
573	5
573	2984
573	3
573	2478
573	809
2411	6
2551	372
1959	373
1158	1070
1158	1158
1158	5
1293	5
2662	578
2258	599
954	3
15	15
15	6
15	2087
15	0
17	0
17	337
16	5
16	0
16	2087
1522	9
1522	96
1522	1521
1522	1577
1522	2885
1522	1755
1522	30
1522	1113
1522	69
1522	1205
1522	62
1522	2900
1522	2727
1522	1576
1522	2269
1522	1748
1522	2985
1522	2968
1522	2728
1522	2873
1522	1355
153	3
153	0
153	356
153	68
2895	2568
2554	372
2554	2986
2554	2987
868	3
741	5
741	6
741	3
148	3
148	0
555	3
1341	5
937	3
937	937
937	8
1184	2310
1184	5
1184	6
1184	2371
1184	2517
2906	348
2098	7
743	3
2663	578
957	3
1770	179
536	3
611	3
1808	1805
1232	5
1232	542
1232	2725
1232	2988
2458	6
896	3
80	0
2845	2246
2845	524
1331	1331
1331	6
1331	5
575	3
575	68
188	0
2853	219
2467	6
594	1048
594	3
594	6
594	5
327	1120
327	5
327	326
327	1413
327	2989
327	2990
107	0
107	21
1347	5
1347	7
2381	6
845	68
845	845
845	5
845	3
872	3
872	166
2932	347
2494	2492
2494	2325
769	3
2981	1762
886	3
886	6
2253	599
2253	355
538	3
538	590
538	1284
2430	355
2430	2430
2430	6
2367	6
901	3
901	6
1154	6
1154	220
947	3
964	8
964	964
964	3
600	3
600	8
600	5
2904	348
2319	6
1294	5
2931	347
1509	1
1509	6
1957	373
1914	8
151	6
151	0
1989	1988
1989	1163
1214	1976
1214	5
112	3
112	0
708	708
708	3
708	355
2876	355
899	3
899	5
757	3
757	6
666	3
666	1063
726	3
726	6
86	0
86	360
2466	6
776	3
159	0
159	8
862	3
770	3
770	578
870	3
870	6
199	204
199	118
199	4
199	197
199	271
199	247
199	1810
199	7
199	198
2321	6
2321	554
103	0
103	23
2559	372
2333	6
1361	5
1361	6
1333	5
1333	6
1290	5
1290	646
615	3
1508	2930
1508	1
1508	971
1070	1158
1070	516
1070	1070
1070	573
1070	1092
1070	219
1070	2531
2558	2887
2558	372
2556	372
932	6
932	932
932	3
2493	2492
2493	1209
2605	1163
2569	358
710	3
710	6
710	5
115	3
115	0
1314	6
1314	2726
1314	5
246	243
246	524
2626	68
2306	6
2542	118
125	179
125	0
125	6
900	3
1942	8
180	0
180	1215
809	3
809	578
809	573
157	0
157	2461
157	157
157	369
764	3
764	6
1193	5
1193	372
1247	5
1247	358
2474	6
1322	5
1322	369
864	3
864	1302
1346	5
1346	6
2937	2099
2937	2100
2937	2991
2329	6
174	6
174	0
756	3
614	3
942	3
1354	6
1354	5
1354	486
574	1197
574	3
574	2545
574	1301
574	1153
574	2629
574	2855
2471	6
2724	219
2724	2724
2724	322
849	3
2427	6
1261	5
1301	574
1301	1301
1301	5
167	3
167	0
1080	519
1080	240
1080	467
1256	699
1256	5
261	1576
261	261
261	260
2488	1071
960	3
593	3
903	3
903	68
2371	2288
2371	6
2371	1184
140	5
140	0
2627	68
2627	2992
965	3
1943	8
1945	8
1944	8
1936	8
1946	8
795	3
795	8
2643	2387
2440	355
2440	6
1433	1432
2338	2265
2338	775
2338	1373
2338	2714
2338	6
2338	2650
2338	1162
2338	2718
2338	2338
2338	2993
873	3
2290	2289
2489	1071
919	3
2375	6
2994	2642
1766	179
1766	1766
1766	6
1766	178
2431	6
621	3
190	0
2453	6
2453	982
2453	2453
1586	68
1586	211
171	669
171	0
183	0
2584	1166
259	257
22	0
22	2505
1160	5
1160	850
807	3
840	3
971	1508
971	971
971	3
971	1773
2462	355
2462	6
2719	96
842	3
842	5
966	3
300	3
300	21
2635	68
629	3
2991	2937
2871	524
2612	2372
1269	5
1325	5
1325	6
1325	520
1213	5
1213	6
2548	34
2548	355
649	3
2490	1071
2490	1072
263	3
263	260
1564	233
1564	1602
141	2387
141	141
141	0
1079	519
1079	1071
968	3
2406	6
2873	355
2873	1522
2886	633
889	3
889	2254
889	2346
969	3
969	387
969	215
969	7
1505	1
718	3
1323	5
1323	6
1323	542
552	3
552	6
185	0
2911	925
2507	1589
330	214
1819	240
705	3
2642	2994
2642	2387
1151	220
2715	96
696	3
1448	1446
1448	166
660	3
126	3
126	0
913	3
50	3
50	0
2908	486
1308	5
916	3
973	3
973	371
2309	6
1199	5
1199	347
2628	68
2628	874
2445	6
755	3
755	360
2916	1083
1816	240
1816	1817
1816	1074
1315	5
1315	6
2893	173
2893	2995
2882	2568
2882	2882
2882	564
124	0
891	3
2538	2537
2538	1166
2538	2331
2538	2705
2538	2538
2515	232
2515	30
2515	468
2515	2675
2515	2515
2515	2691
532	2996
532	524
532	532
532	3
532	2997
532	2699
532	2998
532	2999
532	3000
532	3001
532	3002
532	586
532	2710
1128	1125
3000	532
1145	1125
1901	1176
1901	1751
2271	1166
2271	2269
2399	69
2399	6
2270	2269
2270	1751
2706	2392
1132	1125
1142	1125
2217	379
2217	1844
2591	1166
1139	1125
2587	1166
2037	1129
2661	782
1848	1176
1848	1828
1848	215
1875	1863
1875	543
1875	1176
1875	215
1875	1907
1890	1829
1890	1828
1876	215
2104	1822
1896	1826
1896	1827
1906	1828
1906	1827
2698	1872
989	3
989	1781
1874	543
1874	215
1877	215
1907	1875
1907	1828
1903	1176
2592	2398
2592	2592
2592	1166
1137	1125
1137	1127
1141	1125
2523	588
2523	1900
2299	1900
2299	2291
2527	588
2527	1900
2526	31
2526	1900
2522	1900
2495	1156
2609	2292
2927	468
1143	2563
1143	1143
1143	1125
2996	532
2997	532
2999	532
2998	532
3001	532
3002	532
2660	2660
2660	782
1042	586
2038	1129
2040	1129
2682	1751
2504	2330
2504	2247
1146	1041
1146	1146
1146	1125
1041	586
1041	3003
1041	1041
1041	1129
1041	1146
1412	1404
2599	468
2599	1162
1845	2090
1845	2563
1845	215
1845	7
1845	1127
3003	1041
1138	1125
2688	2331
2690	468
2690	2331
2298	2291
2041	1129
1134	2263
1134	1125
256	3
256	256
256	242
2651	549
1147	1125
2579	358
2341	6
2281	524
2281	356
14	14
14	6
14	2087
14	0
2380	6
906	373
906	3
1815	1815
1815	240
1815	474
1815	8
2113	2112
2113	6
2386	486
2386	2386
2386	6
2244	380
1776	179
1776	355
1776	1776
1268	5
1268	6
825	3
2909	486
161	3
161	0
18	0
18	1159
2300	2300
2300	6
2300	2087
1513	1
1513	6
1932	8
301	3
301	21
1304	5
1304	369
1775	179
1775	6
1775	486
1775	2418
1775	68
814	3
814	535
700	3
2428	6
2768	2
744	3
744	6
2491	1071
2369	6
2369	1202
956	3
972	3
2472	6
2573	358
1081	467
1081	240
1081	519
2099	2099
2099	7
2099	2937
539	539
539	3
539	322
976	3
94	94
94	0
94	322
138	0
138	250
1310	5
1937	8
2350	6
2984	573
2855	219
2855	574
2855	355
181	5
181	181
181	0
1363	5
2841	1186
846	3
846	355
846	846
797	3
797	1949
2370	6
1259	5
1259	371
1259	1259
648	3
92	0
1313	5
1313	6
790	3
790	5
1947	8
722	722
722	3
722	6
2601	1163
1514	1
986	8
986	986
986	3
566	566
566	3
566	1438
2888	1200
1431	1056
1923	8
1923	599
2487	1071
601	3
601	5
2448	6
2901	1072
1778	179
1778	6
1258	5
98	21
98	0
822	3
822	8
484	5
484	285
2010	173
2010	89
2009	173
2009	89
1785	1784
1785	173
1785	89
2011	173
2011	89
843	3
843	1177
863	3
2259	599
164	0
2712	3004
2712	96
266	260
918	771
918	3
128	0
736	736
736	3
736	1265
923	3
2456	6
2087	14
2087	2
2087	7
2087	15
2087	16
2087	2300
2087	118
803	3
2566	2389
2566	358
2928	468
1515	1
1515	369
2343	6
2993	2338
929	3
929	8
869	3
869	369
938	3
102	0
2637	68
2637	486
1783	1511
1783	1240
851	3
1953	8
1953	1235
876	3
2544	646
2544	535
2544	118
2284	356
2606	771
2862	2302
1335	1335
1335	5
1335	548
1460	1460
1460	322
1460	1459
2274	1228
189	6
189	0
950	3
961	3
1317	5
1317	1186
2581	358
2279	356
1073	519
2574	358
2982	548
2589	1166
2349	6
2346	1601
2346	118
2346	2346
2346	1252
2346	6
2346	2088
2346	889
768	3
768	6
2935	347
175	0
122	3
122	0
725	3
2545	574
2545	54
847	3
847	8
292	21
639	639
639	3
639	1459
639	322
2553	372
2555	372
2729	2045
1275	5
1275	6
861	1
861	3
735	3
2497	1600
507	669
507	238
507	507
507	7
252	2305
252	252
252	250
1273	5
924	3
796	3
796	5
1161	5
1161	2546
46	3
46	0
46	5
46	6
46	2535
46	630
46	640
46	2532
1048	594
1048	1046
2596	1163
2596	1162
2896	132
1307	5
1307	6
2926	468
2468	6
1934	524
1934	8
2630	68
2630	1239
2892	173
2016	173
2016	89
2018	2275
2018	173
2018	89
2017	2275
2017	173
2017	89
2716	96
1617	358
1617	450
1617	1602
1899	1826
2457	6
898	3
898	6
176	0
589	3
589	6
979	3
979	6
191	524
191	0
988	3
1930	8
1272	5
1272	6
946	3
885	3
267	3
267	260
187	2345
187	187
187	0
848	3
2880	564
1355	1522
1355	5
879	3
879	6
801	3
2634	68
1350	5
936	3
1812	240
1787	372
1787	1786
2557	372
2470	6
162	3
162	0
1356	5
953	3
953	355
2929	387
2667	360
792	3
792	2373
2543	118
1321	5
1321	6
1328	5
1328	6
2985	1522
121	3
121	0
1951	8
1951	548
352	265
2983	548
152	3
152	0
2615	581
724	3
724	8
1462	1459
2582	1288
1948	8
2354	6
978	3
605	3
605	6
1087	1086
1271	5
1271	118
793	3
793	8
591	3
591	179
1578	1175
113	118
113	0
492	1456
492	198
2879	355
2242	380
2618	486
2618	2618
2618	68
1939	8
475	346
821	3
821	6
2138	2137
1978	1976
2079	1525
2214	379
2214	2147
2214	2980
2214	2818
1560	233
1560	2
1019	362
1019	2167
2973	2603
2157	1111
2157	2172
2791	582
2791	1601
1979	2711
1979	1976
2777	3005
2777	1925
2818	2214
2818	1383
1107	1106
1370	994
1370	2
1370	233
1370	1369
2805	2224
2805	1115
2974	2603
2744	303
2778	687
2240	2164
2240	2156
2131	2208
2131	1005
1484	233
1484	118
1484	1484
1484	2147
1484	7
1484	1483
1539	468
1539	1063
1539	233
2598	1162
2023	1563
2023	2023
2023	496
1032	362
1032	553
2962	1373
2962	3006
2365	6
1632	378
1566	3007
1566	233
1566	6
2133	1010
2951	2167
1114	1106
2185	47
2241	2156
2220	393
1009	362
2150	2135
2150	367
2839	2324
2624	68
2957	2956
2064	1601
2064	2064
2064	1602
2808	528
2808	2224
2764	1909
2118	570
2118	1526
2743	991
2141	1925
2141	2137
2771	386
2771	1063
2771	2
2976	2816
1021	362
1021	1927
1582	211
1582	2060
1582	3008
1582	3009
2736	991
2812	1375
2812	2812
2812	541
1630	1527
2075	2073
2075	358
2075	2816
2197	2172
2197	2782
2869	524
2070	2070
2070	468
2070	1063
2070	1602
688	3
2656	2122
2656	570
2800	1739
1014	1024
1014	1014
1014	362
2760	1909
2223	1006
2223	2222
2567	1984
2567	358
2221	393
2212	1795
1500	1493
2161	2159
2804	1739
2199	2172
2173	19
2173	359
2924	62
2924	468
1036	362
1799	383
2195	47
1038	570
1038	362
2215	379
2201	1910
2965	1601
1039	362
1385	1380
1385	2147
1385	8
1385	2960
1385	3010
2120	570
2120	1526
2125	570
2125	1526
1366	2603
1366	1366
1366	1364
2737	1255
2737	991
1575	1000
2765	995
2801	1739
2194	2167
2194	47
2943	2208
2954	2222
2127	529
2149	367
3009	1582
2828	2209
2148	524
2148	367
2975	2139
1790	383
1790	6
1790	2054
1790	2051
1790	119
1790	2061
1790	3008
2918	468
647	3
2775	1925
1037	362
2625	68
290	231
290	21
2803	1739
2922	468
2105	525
2105	2755
2121	570
2121	1526
3011	571
2065	1398
2065	2065
2065	1602
325	47
325	323
2210	1795
1964	1963
1964	1964
1964	529
2838	2324
3010	1385
2600	1163
2600	1162
1387	233
1387	1380
2058	2054
1613	450
1030	1616
1030	362
2961	2359
1633	382
1927	1021
1927	358
1927	8
1927	3012
2960	1385
2960	1913
693	3
693	383
1035	362
1973	1973
1973	1963
1365	2154
1365	1364
1390	2147
1390	1380
1390	2948
2822	2209
1026	1026
1026	362
1026	1526
2061	1790
2061	2054
2958	992
2820	235
2966	1601
2193	47
2213	1795
2229	2251
2229	432
2824	2209
2759	524
2759	1529
999	154
999	362
2798	1739
2955	2222
2947	2147
2657	570
2815	2814
2802	1739
3012	1927
2136	1570
2136	468
1562	233
2059	2054
2811	1375
2811	2208
2945	2147
1627	8
1627	497
2216	379
2216	468
2232	1739
2232	2231
1379	366
675	3013
675	3
675	2972
2963	1373
2165	365
2165	651
2757	365
3013	675
2959	685
2959	2969
3007	1566
2940	541
3005	2777
2919	1392
2919	468
2819	235
2781	990
2923	468
2944	2147
2827	2209
2949	2564
2949	2756
2826	2209
2122	2656
2122	1526
2948	2147
2948	1390
3006	2962
3008	1582
3008	3008
3008	1790
2979	2068
2823	2209
2825	2209
2783	1027
1746	1919
1746	1737
2530	554
1971	1963
1411	1404
571	677
571	3
571	1532
571	3011
1040	362
1040	1040
1040	358
717	357
717	3
1332	5
2950	2758
2419	355
2419	2419
2419	6
642	3
1935	8
1935	524
2465	6
2465	2465
2465	468
1774	179
509	7
509	238
2632	68
2877	355
1811	240
2878	486
2878	355
1818	240
1772	179
1772	356
880	3
880	8
1318	5
1318	486
2856	219
2388	6
2867	1998
933	3
977	3
2870	524
2870	468
2987	2554
2842	1186
1299	5
2424	6
985	3
985	8
985	5
985	6
172	5
172	0
312	857
312	21
312	7
312	387
312	2
312	3014
858	3
858	173
2261	67
2261	355
2992	2627
1516	1516
1516	1
1516	6
2433	6
910	3
730	3
730	6
3004	2712
136	6
136	0
2534	2532
2562	377
49	6
49	0
338	337
338	220
338	8
2511	1755
1334	5
786	1
786	3
2938	2540
310	3
310	6
310	21
980	3
748	3
748	356
2860	542
2860	355
922	3
922	1159
2936	95
2915	2013
1153	574
1153	220
2917	468
192	8
192	192
192	0
2989	327
146	0
146	173
987	179
987	987
987	3
160	6
160	0
626	3
1309	5
2638	68
558	3
558	369
2854	219
2668	360
837	3
597	3
1205	5
1205	1522
2988	1232
789	3
789	486
789	8
2460	6
1329	5
1351	5
2614	694
2614	564
143	6
143	0
2442	1163
2442	2442
2442	6
1274	5
1274	6
1267	1251
1267	8
1267	670
1267	5
1078	519
1078	240
830	3
830	6
2583	1288
963	3
1777	179
1777	8
943	3
943	6
1733	1732
804	3
984	3
572	3
572	8
501	5
501	238
860	3
1362	179
1362	5
2903	348
940	3
940	5
613	3
1338	5
1338	542
853	3
2986	2554
2434	1330
2434	6
2640	2387
2476	6
1296	5
1296	6
229	228
229	2303
2560	372
1330	5
1330	2434
799	3
799	6
921	3
921	5
1763	179
878	3
878	486
2475	6
2907	348
2721	96
1090	1072
1090	1090
1090	466
871	3
2320	6
2843	1186
2858	542
2863	2617
1358	5
2884	564
1357	5
909	3
909	179
518	3
518	6
2995	2893
298	21
298	1230
1940	6
1940	8
2631	68
1420	1418
1420	1056
1085	1071
1085	519
2865	2617
892	3
892	8
1517	1
1517	524
1952	8
920	3
920	5
2990	327
1283	5
902	3
108	3
108	0
944	3
944	6
39	0
178	178
178	0
178	1766
1343	5
2864	2617
939	8
939	3
974	3
974	8
134	0
311	3
311	21
2868	1997
3014	312
907	3
1359	5
2722	96
2720	96
1265	5
1265	736
1287	5
1287	590
2622	68
2622	486
596	3
930	3
930	377
2385	6
304	5
304	21
638	3
638	638
638	5
2717	96
981	3
981	179
983	3
2314	6
2482	2479
2482	216
945	3
1956	373
1956	6
2336	6
1950	8
1941	8
